,url,relation1,attribute,relation2,related_url
0,15-second_Game.html,is,Location,from,The_Legend_of_Zelda__A_Link_to_the_Past.html
1,2nd_Potion.html,is,Item,from,The_Legend_of_Zelda.html
2,2nd_Potion.html,is,Item,in,The_Legend_of_Zelda_(Game).html
3,8-Bit_Clock.html,are,Item,in,The_Legend_of_Zelda_(Series).html
4,8-Bit_Food.html,is,Item,in,The_Legend_of_Zelda_(Series).html
5,8-Bit_Stepladder.html,is,Item,in,The_Legend_of_Zelda_(Series).html
6,A_Brother's_Roast.html,is,Quest,in,The_Legend_of_Zelda__Breath_of_the_Wild.html
7,A_Brother's_Roast.html,is,Quest,in,The_Legend_of_Zelda__Breath_of_the_Wild.html
8,A_Curry_for_What_Ails_You.html,is,Quest,in,The_Legend_of_Zelda__Breath_of_the_Wild.html
9,A_Fragmented_Monument.html,is,Quest,in,The_Legend_of_Zelda__Breath_of_the_Wild.html
10,A_Fragmented_Monument.html,is,Quest,in,The_Legend_of_Zelda__Breath_of_the_Wild.html
11,A_Freezing_Rod.html,is,Quest,in,The_Legend_of_Zelda__Breath_of_the_Wild.html
12,A_Gift_for_My_Beloved.html,is,Quest,in,The_Legend_of_Zelda__Breath_of_the_Wild.html
13,A_Gift_for_the_Great_Fairy.html,is,Quest,in,The_Legend_of_Zelda__Breath_of_the_Wild.html
14,A_Gift_from_the_Monks.html,is,Quest,in,The_Legend_of_Zelda__Breath_of_the_Wild.html
15,A_Gift_of_Nightshade.html,is,Quest,in,The_Legend_of_Zelda__Breath_of_the_Wild.html
16,A_History_of_Masks.html,are,Item,from,Hyrule_Castle_Town.html#The_Minish_Cap
17,A_Landscape_of_a_Stable.html,is,Quest,in,The_Legend_of_Zelda__Breath_of_the_Wild.html
18,A_Parent's_Love.html,is,Quest,in,The_Legend_of_Zelda__Breath_of_the_Wild.html
19,A_Parent's_Love.html,is,Quest,in,The_Legend_of_Zelda__Breath_of_the_Wild.html
20,A_Rare_Find.html,is,Quest,in,The_Legend_of_Zelda__Breath_of_the_Wild.html
21,A_Royal_Recipe.html,is,Quest,in,The_Legend_of_Zelda__Breath_of_the_Wild.html
22,A_Shady_Customer.html,is,Quest,in,The_Legend_of_Zelda__Breath_of_the_Wild.html
23,A_Song_of_Storms.html,is,Quest,from,The_Legend_of_Zelda__Breath_of_the_Wild.html
24,A_Wife_Washed_Away.html,is,Quest,in,The_Legend_of_Zelda__Breath_of_the_Wild.html
25,Aba.html,is,Character,from,Freshly-Picked_Tingle%27s_Rosy_Rupeeland.html
26,Abandoned_North_Mine.html,is,Location,in,The_Legend_of_Zelda__Breath_of_the_Wild.html
27,Abandoned_North_Mine.html,is,Location,in,The_Legend_of_Zelda__Breath_of_the_Wild.html
28,Abe.html,is,Character,from,The_Legend_of_Zelda__The_Wind_Waker.html
29,Abe.html,is,Character,in,The_Legend_of_Zelda__The_Wind_Waker.html
30,Aboda_Village.html,is,Location,of,Link%27s_House.html#The_Legend_of_Zelda:_Spirit_Tracks
31,Abominom.html,are,Enemy,in,https://zelda.gamepedia.com/Zelda_Wiki:Pronunciation_Guide
32,Ache.html,are,Enemy,from,Zelda_II__The_Adventure_of_Link.html
33,Acheman.html,are,Enemy,from,Zelda_II__The_Adventure_of_Link.html
34,Acorn.html,are,Item,from,The_Legend_of_Zelda__Breath_of_the_Wild.html
35,Acorn.html,are,Item,from,The_Legend_of_Zelda__Breath_of_the_Wild.html
36,Acorn.html,are,Item,in,The_Legend_of_Zelda__Breath_of_the_Wild.html
37,Acro-Bandit.html,are,Enemy,from,The_Legend_of_Zelda__The_Minish_Cap.html
38,Acro-Bandits.html,are,Enemy,in,The_Legend_of_Zelda__The_Minish_Cap.html
39,Adlar.html,is,Character,in,The_Legend_of_Zelda__Oracle_of_Ages.html
40,Adult's_Wallet.html,is,Item,in,The_Legend_of_Zelda_series.html
41,Adventure_Pouch.html,is,Item,from,The_Legend_of_Zelda__Skyward_Sword.html
42,Adventure_Pouch.html,is,Item,in,The_Legend_of_Zelda_(Series).html
43,Aeralfos.html,are,Enemy,in,The_Legend_of_Zelda_(Series).html
44,Afromsia_Coast.html,is,Location,in,The_Legend_of_Zelda__Breath_of_the_Wild.html
45,Agahnim's_Tower.html,is,Location,within,The_Legend_of_Zelda_(Series).html
46,Agahnim's_Tower.html,is,Location,within,The_Legend_of_Zelda_(Series).html
47,Agahnim_(A_Link_to_the_Past).html,is,Boss,in,The_Legend_of_Zelda__A_Link_to_the_Past.html
48,Aginah.html,is,Character,from,The_Legend_of_Zelda__A_Link_to_the_Past.html
49,Agitha's_Castle.html,is,Location,in,The_Legend_of_Zelda__Twilight_Princess.html
50,Agitha.html,is,Character,in,The_Legend_of_Zelda_(Series).html
51,Agus.html,is,Character,from,The_Legend_of_Zelda__Breath_of_the_Wild.html
52,Agus.html,is,Character,in,The_Legend_of_Zelda__Breath_of_the_Wild.html
53,Agwanda.html,is,Boss,in,Zelda%27s_Adventure.html
54,Ahitaru.html,is,Location,in,Zelda__The_Wand_of_Gamelon.html
55,Air_Potion.html,is,Item,from,The_Legend_of_Zelda__Skyward_Sword.html
56,Air_Stone.html,are,Object,in,The_Legend_of_Zelda_(Series).html
57,Aji.html,is,Character,from,The_Legend_of_Zelda__Breath_of_the_Wild.html
58,Aji.html,is,Character,in,The_Legend_of_Zelda__Breath_of_the_Wild.html
59,Akh_Va'quot.html,is,Character,from,The_Legend_of_Zelda__Breath_of_the_Wild.html
60,Akh_Va'quot_Shrine.html,is,Shrine,from,The_Legend_of_Zelda__Breath_of_the_Wild.html
61,Akkala.html,is,Location,from,The_Legend_of_Zelda__Breath_of_the_Wild.html
62,Akkala_Ancient_Tech_Lab.html,is,Location,in,The_Legend_of_Zelda__Breath_of_the_Wild.html
63,Akkala_Bridge_Ruins.html,are,Location,in,The_Legend_of_Zelda__Breath_of_the_Wild.html
64,Akkala_Buns.html,are,Item,in,The_Legend_of_Zelda__Breath_of_the_Wild.html
65,Akkala_Citadel.html,are,Location,from,The_Legend_of_Zelda__Breath_of_the_Wild.html
66,Akkala_Citadel_Ruins.html,are,Location,from,The_Legend_of_Zelda__Breath_of_the_Wild.html
67,Akkala_Citadel_Ruins.html,are,Location,in,The_Legend_of_Zelda__Breath_of_the_Wild.html
68,Akkala_Falls.html,are,Location,in,The_Legend_of_Zelda__Breath_of_the_Wild.html
69,Akkala_Highlands.html,is,Location,in,The_Legend_of_Zelda__Breath_of_the_Wild.html
70,Akkala_Parade_Ground_Ruins.html,are,Location,in,The_Legend_of_Zelda__Breath_of_the_Wild.html
71,Akkala_Sea.html,is,Location,in,The_Legend_of_Zelda__Breath_of_the_Wild.html
72,Akkala_Span.html,is,Location,in,The_Legend_of_Zelda__Breath_of_the_Wild.html
73,Akkala_Tower.html,is,Location,from,The_Legend_of_Zelda__Breath_of_the_Wild.html
74,Akkala_Tower.html,is,Location,in,The_Legend_of_Zelda__Breath_of_the_Wild.html
75,Akkala_Wilds.html,are,Location,in,The_Legend_of_Zelda__Breath_of_the_Wild.html
76,Akrah.html,is,Character,in,The_Legend_of_Zelda__Breath_of_the_Wild.html
77,Alchemy_Stone.html,are,Item,from,The_Legend_of_Zelda__Spirit_Tracks.html
78,Alchemy_Stone.html,are,Item,in,The_Legend_of_Zelda_(Series).html
79,Aldo.html,is,Character,from,The_Legend_of_Zelda__The_Wind_Waker.html
80,Aldo_(Korok).html,is,Character,in,The_Legend_of_Zelda__The_Wind_Waker.html
81,Aldor_Foothills.html,are,Location,from,The_Legend_of_Zelda__Breath_of_the_Wild.html
82,Aldor_Foothills.html,is,Location,in,The_Legend_of_Zelda__Breath_of_the_Wild.html
83,Alfonzo.html,is,Character,from,The_Legend_of_Zelda__Spirit_Tracks.html
84,Aliza.html,is,Character,from,The_Legend_of_Zelda__Breath_of_the_Wild.html
85,All-Night_Mask.html,is,Item,in,The_Legend_of_Zelda__Majora%27s_Mask.html
86,All-Purpose_Bait.html,is,Item,from,The_Legend_of_Zelda__The_Wind_Waker.html
87,All-Purpose_Bait.html,is,Item,in,The_Legend_of_Zelda__The_Wind_Waker.html
88,All_or_Nothing.html,is,Shop,from,The_Legend_of_Zelda__Breath_of_the_Wild.html
89,Allied_Force.html,are,Group,in,Hyrule_Warriors.html
90,Alora.html,is,Character,in,Link__The_Faces_of_Evil.html
91,Altar_of_Lord_Jabu-Jabu.html,is,Location,from,The_Legend_of_Zelda__Ocarina_of_Time.html
92,Altar_of_the_Demon_King.html,is,Location,from,The_Legend_of_Zelda__Spirit_Tracks.html
93,Altar_of_the_Demon_King.html,is,Location,in,The_Legend_of_Zelda__Spirit_Tracks.html
94,Altar_of_the_Mountain_Goddess.html,is,Location,from,The_Legend_of_Zelda__Spirit_Tracks.html
95,Amali.html,is,Character,from,The_Legend_of_Zelda__Breath_of_the_Wild.html
96,Amali.html,is,Character,in,The_Legend_of_Zelda__Breath_of_the_Wild.html
97,Amber.html,is,Item,from,The_Legend_of_Zelda__Breath_of_the_Wild.html
98,Amber.html,is,Item,in,The_Legend_of_Zelda__Breath_of_the_Wild.html
99,Amber_Earrings.html,are,Item,from,The_Legend_of_Zelda__Breath_of_the_Wild.html
100,Amber_Earrings.html,are,Item,in,The_Legend_of_Zelda__Breath_of_the_Wild.html
101,Amber_Relic.html,are,Item,from,The_Legend_of_Zelda__Skyward_Sword.html
102,Amber_Relic.html,are,Item,in,The_Legend_of_Zelda_(Series).html
103,Amber_Tablet.html,is,Item,in,The_Legend_of_Zelda__Skyward_Sword.html
104,Ambi's_Palace.html,is,Location,in,The_Legend_of_Zelda__Oracle_of_Ages.html
105,Ambi.html,is,Character,in,Oracle_Series.html
106,Ami.html,is,Character,in,The_Legend_of_Zelda__Breath_of_the_Wild.html
107,Amiibo_Rune.html,is,Item,from,The_Legend_of_Zelda__Breath_of_the_Wild.html
108,Amiibo_Rune.html,is,Item,from,The_Legend_of_Zelda__Breath_of_the_Wild.html
109,Amira.html,is,Character,from,The_Legend_of_Zelda__Breath_of_the_Wild.html
110,Ampilus.html,are,Enemy,from,The_Legend_of_Zelda__Skyward_Sword.html
111,Ampilus_Egg.html,are,Enemy,in,The_Legend_of_Zelda__Skyward_Sword.html
112,Amy.html,is,Character,in,The_Legend_of_Zelda_series.html
113,An_Ancient_Text.html,is,Item,from,The_Legend_of_Zelda__Breath_of_the_Wild.html
114,An_Ice_Guy.html,is,Quest,in,The_Legend_of_Zelda__Breath_of_the_Wild.html
115,An_Ice_Guy.html,is,Quest,in,The_Legend_of_Zelda__Breath_of_the_Wild.html
116,Anche.html,is,Character,in,The_Legend_of_Zelda__Breath_of_the_Wild.html
117,Anche.html,is,Character,in,The_Legend_of_Zelda__Breath_of_the_Wild.html
118,Anchor.html,are,Object,in,The_Legend_of_Zelda__Phantom_Hourglass.html
119,Ancient_Anchor.html,are,Object,in,The_Legend_of_Zelda__Phantom_Hourglass.html
120,Ancient_Arrow.html,are,Item,from,The_Legend_of_Zelda__Breath_of_the_Wild.html
121,Ancient_Arrow.html,are,Item,in,The_Legend_of_Zelda__Breath_of_the_Wild.html
122,Ancient_Battle_Axe++.html,is,Item,from,The_Legend_of_Zelda__Breath_of_the_Wild.html
123,Ancient_Battle_Axe+.html,is,Item,from,The_Legend_of_Zelda__Breath_of_the_Wild.html
124,Ancient_Battle_Axe.html,is,Item,from,The_Legend_of_Zelda__Breath_of_the_Wild.html
125,Ancient_Bladesaw.html,is,Item,from,The_Legend_of_Zelda__Breath_of_the_Wild.html
126,Ancient_Bladesaw.html,is,Weapon,in,The_Legend_of_Zelda__Breath_of_the_Wild.html
127,Ancient_Bow.html,is,Item,from,The_Legend_of_Zelda__Breath_of_the_Wild.html
128,Ancient_Bow.html,is,Item,in,The_Legend_of_Zelda__Breath_of_the_Wild.html
129,Ancient_Bridle.html,is,Item,from,The_Legend_of_Zelda__Breath_of_the_Wild.html
130,Ancient_Cannon.html,are,Object,in,The_Legend_of_Zelda__Phantom_Hourglass.html
131,Ancient_Castle_of_Ikana.html,is,Dungeon,from,The_Legend_of_Zelda__Majora%27s_Mask.html
132,Ancient_Circuit.html,is,Item,from,The_Legend_of_Zelda__Skyward_Sword.html
133,Ancient_Circuit.html,are,Item,in,The_Legend_of_Zelda__Skyward_Sword.html
134,Ancient_Cistern.html,is,Dungeon,of,The_Legend_of_Zelda__Skyward_Sword.html
135,Ancient_Columns.html,are,Location,in,The_Legend_of_Zelda__Breath_of_the_Wild.html
136,Ancient_Core.html,is,Item,in,The_Legend_of_Zelda__Breath_of_the_Wild.html
137,Ancient_Core.html,are,Item,in,The_Legend_of_Zelda__Breath_of_the_Wild.html
138,Ancient_Cuirass.html,is,Item,from,The_Legend_of_Zelda__Breath_of_the_Wild.html
139,Ancient_Cuirass.html,is,Item,in,The_Legend_of_Zelda__Breath_of_the_Wild.html
140,Ancient_Flower.html,are,Item,from,The_Legend_of_Zelda__Skyward_Sword.html
141,Ancient_Flower.html,are,Item,in,The_Legend_of_Zelda_(Series).html
142,Ancient_Furnace.html,is,Item,in,The_Legend_of_Zelda__Breath_of_the_Wild.html
143,Ancient_Gear.html,are,Item,in,The_Legend_of_Zelda__Breath_of_the_Wild.html
144,Ancient_Gear.html,are,Item,in,The_Legend_of_Zelda__Breath_of_the_Wild.html
145,Ancient_Gold_Piece.html,are,Item,from,The_Legend_of_Zelda__Spirit_Tracks.html
146,Ancient_Gold_Piece.html,are,Item,in,The_Legend_of_Zelda_(Series).html
147,Ancient_Greaves.html,are,Item,from,The_Legend_of_Zelda__Breath_of_the_Wild.html
148,Ancient_Greaves.html,is,Item,in,The_Legend_of_Zelda__Breath_of_the_Wild.html
149,Ancient_Harbor.html,is,Location,from,The_Legend_of_Zelda__Skyward_Sword.html
150,Ancient_Harbor.html,is,Location,in,The_Legend_of_Zelda__Skyward_Sword.html
151,Ancient_Helm.html,is,Item,from,The_Legend_of_Zelda__Breath_of_the_Wild.html
152,Ancient_Helm.html,is,Item,in,The_Legend_of_Zelda__Breath_of_the_Wild.html
153,Ancient_Saddle.html,is,Item,from,The_Legend_of_Zelda__Breath_of_the_Wild.html
154,Ancient_Sages.html,are,Group,in,The_Legend_of_Zelda_series.html
155,Ancient_Screw.html,are,Item,in,The_Legend_of_Zelda__Breath_of_the_Wild.html
156,Ancient_Sea_Chart.html,is,Item,from,The_Legend_of_Zelda__Skyward_Sword.html
157,Ancient_Shield.html,is,Item,from,The_Legend_of_Zelda__Breath_of_the_Wild.html
158,Ancient_Short_Sword.html,is,Item,from,The_Legend_of_Zelda__Breath_of_the_Wild.html
159,Ancient_Sky_Book.html,is,Item,in,The_Legend_of_Zelda__Twilight_Princess.html
160,Ancient_Spear.html,is,Item,from,The_Legend_of_Zelda__Breath_of_the_Wild.html
161,Ancient_Spinner.html,is,Item,in,The_Legend_of_Zelda__Twilight_Princess.html
162,Ancient_Spring.html,are,Item,in,The_Legend_of_Zelda__Breath_of_the_Wild.html
163,Ancient_Tablet.html,is,Item,from,The_Legend_of_Zelda__Skyward_Sword.html
164,Ancient_Tablet.html,is,Item,in,The_Legend_of_Zelda__Skyward_Sword.html
165,Ancient_Tomb.html,is,Dungeon,in,The_Legend_of_Zelda__Oracle_of_Ages.html
166,Ancient_Tree_Stump.html,is,Location,in,The_Legend_of_Zelda__Breath_of_the_Wild.html
167,Angel_Peak.html,is,Location,from,The_Legend_of_Zelda__Breath_of_the_Wild.html
168,Angler's_Tunnel.html,is,Dungeon,in,The_Legend_of_Zelda__Link%27s_Awakening.html
169,Angler's_Tunnel.html,is,Dungeon,in,The_Legend_of_Zelda__Link%27s_Awakening.html
170,Angler_Fish_(Link's_Awakening).html,is,Boss,of,Angler%27s_Tunnel.html
171,Angler_Fish_(Oracle_of_Ages).html,is,Boss,of,Jabu-Jabu%27s_Belly.html
172,Angler_Key.html,is,Item,from,The_Legend_of_Zelda__Link%27s_Awakening.html
173,Angular_Isles.html,is,Location,from,The_Legend_of_Zelda__The_Wind_Waker.html
174,Animal_Village.html,is,Location,from,The_Legend_of_Zelda__Link%27s_Awakening.html
175,Anjean.html,is,Character,from,The_Legend_of_Zelda__Spirit_Tracks.html
176,Anjean.html,is,Character,in,Spirit_Tracks_(Object).html
177,Anju's_Grandmother.html,is,Character,from,The_Legend_of_Zelda__Majora%27s_Mask.html
178,Anju's_Grandmother.html,is,Character,in,The_Legend_of_Zelda__Ocarina_of_Time.html
179,Anju's_Henhouse.html,is,Location,from,The_Legend_of_Zelda__The_Minish_Cap.html
180,Anju's_Mother.html,is,Character,from,The_Legend_of_Zelda__Majora%27s_Mask.html
181,Anju's_Mother.html,is,Character,in,The_Legend_of_Zelda__Majora%27s_Mask.html
182,Anju.html,is,Character,in,The_Legend_of_Zelda_series.html
183,Anju.html,is,Character,in,The_Legend_of_Zelda_(Series).html
184,Ankel_Island.html,is,Location,from,The_Legend_of_Zelda__Breath_of_the_Wild.html
185,Ankle.html,is,Character,in,The_Legend_of_Zelda_series.html
186,Ankle.html,are,Character,in,The_Legend_of_Zelda__Four_Swords_Adventures.html
187,Anly.html,is,Character,from,The_Legend_of_Zelda__Breath_of_the_Wild.html
188,Anouki_Estates.html,is,Location,in,The_Legend_of_Zelda__Phantom_Hourglass.html
189,Anouki_General_Store.html,is,Shop,from,The_Legend_of_Zelda__Spirit_Tracks.html
190,Anouki_General_Store.html,is,Location,in,The_Legend_of_Zelda__Spirit_Tracks.html
191,Anouki_General_Store_Owner.html,is,Location,in,The_Legend_of_Zelda__Spirit_Tracks.html
192,Anouki_Village_Goron.html,is,Character,from,The_Legend_of_Zelda__Spirit_Tracks.html
193,Anti-Faeries.html,are,Enemy,in,The_Legend_of_Zelda_(Series).html
194,Anti-Fairies.html,are,Enemy,in,The_Legend_of_Zelda_(Series).html
195,Anti-Fairy.html,are,Enemy,in,The_Legend_of_Zelda_(Series).html
196,Anton.html,is,Character,in,The_Legend_of_Zelda_(Series).html
197,Anton_(The_Minish_Cap).html,is,Character,from,The_Legend_of_Zelda__The_Minish_Cap.html
198,Anton_(The_Wind_Waker).html,is,Character,from,The_Legend_of_Zelda__The_Wind_Waker.html
199,Anubis.html,are,Enemy,from,The_Legend_of_Zelda__Ocarina_of_Time.html
200,Anutu.html,is,Character,in,Link__The_Faces_of_Evil.html
201,Apple.html,are,Item,in,The_Legend_of_Zelda_series.html
202,Apple_Pie.html,is,Item,from,The_Legend_of_Zelda__Breath_of_the_Wild.html
203,Applean_Forest.html,is,Location,in,The_Legend_of_Zelda__Breath_of_the_Wild.html
204,Applean_Forest.html,is,Location,in,The_Legend_of_Zelda__Breath_of_the_Wild.html
205,Aquame_Bridge.html,is,Location,from,The_Legend_of_Zelda__Breath_of_the_Wild.html
206,Aquame_Lake.html,is,Location,from,The_Legend_of_Zelda__Breath_of_the_Wild.html
207,Aquamentus.html,is,Boss,in,The_Legend_of_Zelda_(Series).html
208,Aquamentus_(Oracle_of_Seasons).html,is,Boss,of,Dungeon.html
209,Aquamentus_(The_Legend_of_Zelda).html,is,Boss,of,The_Legend_of_Zelda.html
210,Aquamentus_(The_Legend_of_Zelda).html,is,Boss,of,The_Legend_of_Zelda.html
211,Aracha.html,are,Enemy,from,The_Legend_of_Zelda__Skyward_Sword.html
212,Aracha.html,are,Enemy,from,The_Legend_of_Zelda__Skyward_Sword.html
213,Aracha.html,are,Enemy,in,The_Legend_of_Zelda__Skyward_Sword.html
214,Arbiter's_Grounds_(Breath_of_the_Wild).html,is,Location,in,The_Legend_of_Zelda__Breath_of_the_Wild.html
215,Arbiter's_Grounds_(Twilight_Princess).html,is,Dungeon,in,The_Legend_of_Zelda__Twilight_Princess.html
216,Archer.html,are,Enemy,in,The_Legend_of_Zelda_series.html
217,Ardin.html,is,Character,in,The_Legend_of_Zelda__Breath_of_the_Wild.html
218,Ardin.html,is,Character,in,The_Legend_of_Zelda__Breath_of_the_Wild.html
219,Argorok.html,is,Boss,of,City_in_the_Sky.html
220,Ariane.html,is,Character,in,The_Legend_of_Zelda__Breath_of_the_Wild.html
221,Aris_Beach.html,is,Location,from,The_Legend_of_Zelda__Breath_of_the_Wild.html
222,Arm-Mimic.html,are,Enemy,in,The_Legend_of_Zelda_(Series).html
223,Arm_Mimic.html,are,Enemy,in,The_Legend_of_Zelda_(Series).html
224,Armes.html,is,Character,from,The_Legend_of_Zelda__Breath_of_the_Wild.html
225,Armogohma.html,is,Boss,of,Temple_of_Time_(Twilight_Princess).html
226,Armor_Ring_L-3.html,are,Item,in,The_Legend_of_Zelda__Oracle_of_Ages.html
227,Armor_Ring_Level_3.html,are,Item,in,The_Legend_of_Zelda__Oracle_of_Ages.html
228,Armor_Seed.html,are,Item,from,The_Legend_of_Zelda__Four_Swords.html
229,Armor_Seed.html,are,Item,in,The_Legend_of_Zelda__Four_Swords.html
230,Armoranth.html,are,Item,from,The_Legend_of_Zelda__Breath_of_the_Wild.html
231,Armored_Carp.html,are,Item,from,The_Legend_of_Zelda__Breath_of_the_Wild.html
232,Armored_Train.html,are,Enemy,from,The_Legend_of_Zelda__Spirit_Tracks.html
233,Armored_Train.html,are,Enemy,in,The_Legend_of_Zelda__Spirit_Tracks.html
234,Armorer.html,is,Character,from,Freshly-Picked_Tingle%27s_Rosy_Rupeeland.html
235,Armorer.html,is,Character,in,Freshly-Picked_Tingle%27s_Rosy_Rupeeland.html
236,Armos.html,are,Enemy,in,The_Legend_of_Zelda_series.html
237,Armos.html,are,Enemy,in,The_Legend_of_Zelda_(Series).html
238,Armos_Knight.html,are,Enemy,in,The_Legend_of_Zelda_series.html
239,Armos_Knight.html,are,Boss,in,The_Legend_of_Zelda_(Series).html
240,Armos_Knights.html,are,Boss,of,Eastern_Palace_(A_Link_to_the_Past).html
241,Armos_Knights.html,are,Boss,in,The_Legend_of_Zelda_(Series).html
242,Armos_Series.html,are,Enemy,in,The_Legend_of_Zelda_(Series).html
243,Armos_Statue.html,are,Object,in,The_Legend_of_Zelda_series.html
244,Armos_Statue.html,are,Enemy,in,The_Legend_of_Zelda_(Series).html
245,Armos_Statues.html,are,Enemy,in,The_Legend_of_Zelda_(Series).html
246,Armos_Warrior.html,is,Boss,of,Dungeon.html
247,Armourer.html,is,Character,in,Freshly-Picked_Tingle%27s_Rosy_Rupeeland.html
248,Arn.html,is,Character,by,The_Legend_of_Zelda_comics.html
249,Aroo.html,is,Character,from,The_Legend_of_Zelda__Phantom_Hourglass.html
250,Arrghus.html,is,Boss,in,The_Legend_of_Zelda_(Series).html
251,Arrghus_(A_Link_Between_Worlds).html,is,Boss,of,Swamp_Palace_(A_Link_Between_Worlds).html
252,Arrghus_(A_Link_to_the_Past).html,is,Boss,of,Swamp_Palace_(A_Link_to_the_Past).html
253,Arrghus_(Tri_Force_Heroes).html,is,Boss,from,The_Legend_of_Zelda__Tri_Force_Heroes.html
254,Arrow.html,are,Item,in,The_Legend_of_Zelda_(Series).html
255,Arrow_Orb.html,are,Object,in,The_Legend_of_Zelda_series.html
256,Arrow_Specialty_Shop.html,is,Shop,from,The_Legend_of_Zelda__Breath_of_the_Wild.html
257,Arrows.html,are,Item,in,The_Legend_of_Zelda_(Series).html
258,Arrows_of_Burning_Heat.html,is,Quest,in,The_Legend_of_Zelda__Breath_of_the_Wild.html
259,Artistic_Cannon.html,are,Object,in,The_Legend_of_Zelda__Phantom_Hourglass.html
260,Aru_Ainu.html,is,Location,in,Zelda__The_Wand_of_Gamelon.html
261,Aru_Lowder.html,are,Enemy,from,Zelda_II__The_Adventure_of_Link.html
262,Aruroda.html,are,Enemy,in,Zelda_II__The_Adventure_of_Link.html
263,Arwing.html,are,Enemy,from,The_Legend_of_Zelda__Ocarina_of_Time.html
264,Arwing.html,is,Enemy,in,The_Legend_of_Zelda__Ocarina_of_Time.html
265,Aryll's_Lookout.html,is,Location,from,The_Legend_of_Zelda__The_Wind_Waker.html
266,Aryll.html,is,Character,from,The_Legend_of_Zelda__The_Wind_Waker.html
267,Aryll.html,is,Character,in,The_Legend_of_Zelda__The_Wind_Waker.html
268,Ash_Swamp.html,is,Location,from,The_Legend_of_Zelda__Breath_of_the_Wild.html
269,Ashai.html,is,Character,from,The_Legend_of_Zelda__Breath_of_the_Wild.html
270,Ashai.html,is,Character,in,The_Legend_of_Zelda__Breath_of_the_Wild.html
271,Ashe.html,is,Character,in,The_Legend_of_Zelda__Breath_of_the_Wild.html
272,Ashe.html,is,Character,in,The_Legend_of_Zelda__Breath_of_the_Wild.html
273,Ashei's_Sketch.html,is,Item,in,The_Legend_of_Zelda__Twilight_Princess.html
274,Ashei.html,is,Character,in,The_Legend_of_Zelda__Twilight_Princess.html
275,Assist_Badge.html,are,Object,in,Hyrule_Warriors_Legends.html
276,Aster.html,is,Character,from,The_Legend_of_Zelda__Breath_of_the_Wild.html
277,Astral_Observatory.html,is,Location,from,The_Legend_of_Zelda__Majora%27s_Mask.html
278,Astrid.html,is,Character,from,The_Legend_of_Zelda__Phantom_Hourglass.html
279,Astrid.html,is,Character,in,The_Legend_of_Zelda__Phantom_Hourglass.html
280,Attack_Badge.html,are,Object,in,Hyrule_Warriors_Legends.html
281,Atun_Valley.html,is,Location,from,The_Legend_of_Zelda__Breath_of_the_Wild.html
282,Auros_Ruins.html,is,Location,from,Tower_(Freshly-Picked_Tingle%27s_Rosy_Rupeeland).html
283,Auru's_Memo.html,is,Item,in,The_Legend_of_Zelda__Twilight_Princess.html
284,Auru.html,is,Character,in,The_Legend_of_Zelda__Twilight_Princess.html
285,Aveil.html,is,Character,in,The_Legend_of_Zelda_series.html
286,Aveil.html,is,Character,in,The_Legend_of_Zelda__Majora%27s_Mask.html
287,Aviana.html,is,Boss,in,Zelda%27s_Adventure.html
288,Awakening_Bell.html,is,Item,in,The_Legend_of_Zelda__A_Link_Between_Worlds.html
289,Awakening_Bell_+.html,is,Item,in,The_Legend_of_Zelda__A_Link_Between_Worlds.html
290,Axyl.html,is,Character,from,The_Legend_of_Zelda__Breath_of_the_Wild.html
291,Axyl.html,is,Character,in,The_Legend_of_Zelda__Breath_of_the_Wild.html
292,Aya.html,is,Character,from,The_Legend_of_Zelda__Breath_of_the_Wild.html
293,Aya.html,is,Character,in,The_Legend_of_Zelda__Breath_of_the_Wild.html
294,Azu.html,is,Character,in,The_Legend_of_Zelda__Breath_of_the_Wild.html
295,Azusa.html,is,Character,in,Tingle.html
296,Baba_Bud.html,are,Item,from,The_Legend_of_Zelda__The_Wind_Waker.html
297,Baba_Serpent.html,are,Enemy,in,The_Legend_of_Zelda__Twilight_Princess.html
298,Babi.html,is,Character,in,The_Legend_of_Zelda__Breath_of_the_Wild.html
299,Babi.html,is,Character,in,The_Legend_of_Zelda__Breath_of_the_Wild.html
300,Babusu.html,are,Enemy,from,The_Legend_of_Zelda__A_Link_to_the_Past.html
301,Baby_Dodongo.html,are,Enemy,from,The_Legend_of_Zelda__Ocarina_of_Time.html
302,Baby_Dodongo.html,are,Enemy,in,The_Legend_of_Zelda__Ocarina_of_Time.html
303,Baby_Gohma.html,are,Enemy,in,The_Legend_of_Zelda_(Series).html
304,Baby_Turtles.html,are,Character,from,The_Legend_of_Zelda__A_Link_Between_Worlds.html
305,Back_Alley.html,is,Location,from,The_Legend_of_Zelda__Ocarina_of_Time.html
306,Backroom.html,is,Location,from,The_Legend_of_Zelda__Majora%27s_Mask.html
307,Badge.html,are,Object,in,Hyrule_Warriors_Legends.html
308,Bag_Guy.html,is,Character,from,The_Legend_of_Zelda__A_Link_Between_Worlds.html
309,Bag_Guy.html,is,Character,from,The_Legend_of_Zelda__A_Link_Between_Worlds.html
310,Baga_Tree.html,is,Character,from,The_Legend_of_Zelda__Ocarina_of_Time_(manga).html
311,Baga_Tree.html,is,Character,by,The_Legend_of_Zelda__Ocarina_of_Time_(Himekawa).html
312,Bago-Bago.html,are,Enemy,in,The_Legend_of_Zelda_(Series).html
313,Bago_Bago.html,are,Enemy,in,The_Legend_of_Zelda_(Series).html
314,Bagu's_Note.html,is,Item,from,Zelda_II__The_Adventure_of_Link.html
315,Bagu.html,is,Character,from,Zelda_II__The_Adventure_of_Link.html
316,Bait_Bag.html,is,Item,in,The_Legend_of_Zelda__The_Wind_Waker.html
317,Baito.html,is,Character,from,The_Legend_of_Zelda__The_Wind_Waker.html
318,Baito.html,is,Character,in,The_Legend_of_Zelda__Majora%27s_Mask.html
319,Baked_Apple.html,is,Item,from,Apple.html#The_Legend_of_Zelda:_Breath_of_the_Wild
320,Baked_Fortified_Pumpkin.html,is,Item,from,The_Legend_of_Zelda__Breath_of_the_Wild.html
321,Baked_Palm_Fruit.html,is,Item,from,The_Legend_of_Zelda__Breath_of_the_Wild.html
322,Bakery_of_Wheaton_and_Pita.html,is,Shop,from,The_Legend_of_Zelda__The_Minish_Cap.html
323,Ball_&_Chain_Soldier.html,are,Enemy,in,The_Legend_of_Zelda_(Series).html
324,Ball_&_Chain_Trooper.html,are,Enemy,in,The_Legend_of_Zelda_series.html
325,Ball_&_Chain_Trooper.html,are,Enemy,in,The_Legend_of_Zelda_(Series).html
326,Ball_and_Chain.html,is,Weapon,from,The_Legend_of_Zelda__Twilight_Princess.html
327,Ball_and_Chain.html,is,Item,in,The_Legend_of_Zelda__Twilight_Princess.html
328,Ball_and_Chain_Soldier.html,are,Enemy,in,The_Legend_of_Zelda_(Series).html
329,Ball_and_Chain_Trooper.html,are,Enemy,in,The_Legend_of_Zelda_series.html
330,Ball_and_Chain_Trooper.html,are,Enemy,in,The_Legend_of_Zelda_(Series).html
331,Ballad_of_Gales.html,is,Song,from,The_Legend_of_Zelda__The_Wind_Waker.html
332,Ballad_of_Gales.html,is,Song,in,The_Legend_of_Zelda__The_Wind_Waker.html
333,Ballad_of_the_Gales.html,is,Song,in,The_Legend_of_Zelda__The_Wind_Waker.html
334,Ballad_of_the_Goddess.html,is,Song,from,Princess_Zelda.html
335,Ballad_of_the_Goddess.html,is,Song,in,The_Legend_of_Zelda_(Series).html
336,Ballad_of_the_Wind_Fish.html,is,Song,in,The_Legend_of_Zelda_(Series).html
337,Ballad_of_the_Wind_Fish_(Link's_Awakening).html,is,Song,from,The_Legend_of_Zelda__Link%27s_Awakening.html
338,Ballad_of_the_Wind_Fish_(Majora's_Mask).html,is,Song,from,The_Legend_of_Zelda__Majora%27s_Mask.html
339,Balloon_Flight.html,is,Quest,in,The_Legend_of_Zelda__Breath_of_the_Wild.html
340,Bamboo.html,is,Character,from,The_Legend_of_Zelda__Breath_of_the_Wild.html
341,Bamboo_Island.html,is,Location,from,The_Legend_of_Zelda__Skyward_Sword.html
342,Bamboo_Island.html,is,Location,in,The_Legend_of_Zelda__Skyward_Sword.html
343,Bamboozle_Grass.html,is,Item,from,Freshly-Picked_Tingle%27s_Rosy_Rupeeland.html
344,Bana_Bana.html,is,Boss,of,Deku_Temple.html
345,Bana_Bana.html,is,Boss,of,Deku_Temple.html
346,Banana.html,are,Item,in,The_Legend_of_Zelda__Oracle_of_Seasons.html
347,Bananas.html,are,Item,from,The_Legend_of_Zelda__Link%27s_Awakening.html
348,Bananas.html,are,Item,in,The_Legend_of_Zelda__Oracle_of_Seasons.html
349,Banded_Shield.html,is,Shield,from,The_Legend_of_Zelda__Skyward_Sword.html
350,Banded_Shield.html,is,Shield,in,The_Legend_of_Zelda_(Series).html
351,Baneful_Zone.html,is,Location,in,The_Legend_of_Zelda__Tri_Force_Heroes.html
352,Banji.html,is,Character,in,The_Legend_of_Zelda__Breath_of_the_Wild.html
353,Banji.html,is,Character,in,The_Legend_of_Zelda__Breath_of_the_Wild.html
354,Bank_of_Wishes.html,is,Location,in,The_Legend_of_Zelda__Breath_of_the_Wild.html
355,Banker.html,is,Character,from,The_Legend_of_Zelda__Majora%27s_Mask.html
356,Banker.html,is,Character,in,The_Legend_of_Zelda__Ocarina_of_Time.html
357,Bannan_Island_(Breath_of_the_Wild).html,is,Location,from,The_Legend_of_Zelda__Breath_of_the_Wild.html
358,Banzai_Otter.html,are,Enemy,in,Freshly-Picked_Tingle%27s_Rosy_Rupeeland.html
359,Barachno_Marsh.html,is,Location,in,Zelda%27s_Adventure.html
360,Barba.html,is,Boss,of,Three-Eye_Rock_Palace.html
361,Barbarian_Armor.html,is,Item,from,The_Legend_of_Zelda__Breath_of_the_Wild.html
362,Barbarian_Armor.html,is,Item,in,The_Legend_of_Zelda__Breath_of_the_Wild.html
363,Barbarian_Helm.html,is,Item,from,The_Legend_of_Zelda__Breath_of_the_Wild.html
364,Barbarian_Helm.html,is,Item,in,The_Legend_of_Zelda__Breath_of_the_Wild.html
365,Barbarian_Leg_Wraps.html,are,Item,from,The_Legend_of_Zelda__Breath_of_the_Wild.html
366,Barbarian_Leg_Wraps.html,are,Item,in,The_Legend_of_Zelda__Breath_of_the_Wild.html
367,Bard.html,is,Character,from,Hyrule_Castle.html#The_Legend_of_Zelda:_A_Link_Between_Worlds
368,Bard.html,is,Character,in,The_Legend_of_Zelda__A_Link_Between_Worlds.html
369,Bareeda_Naag.html,is,Character,from,The_Legend_of_Zelda__Breath_of_the_Wild.html
370,Bareeda_Naag_Shrine.html,is,Shrine,from,The_Legend_of_Zelda__Breath_of_the_Wild.html
371,Bargoh.html,is,Character,from,The_Legend_of_Zelda__Breath_of_the_Wild.html
372,Bargoh.html,is,Character,in,The_Legend_of_Zelda__Breath_of_the_Wild.html
373,Bari.html,are,Enemy,in,The_Legend_of_Zelda_series.html
374,Bari.html,are,Enemy,in,The_Legend_of_Zelda_(Series).html
375,Barinade.html,is,Boss,Inside Jabu-Jabu's,Inside_Jabu-Jabu%27s_Belly.html
376,Barinade.html,is,Boss,in,The_Legend_of_Zelda__Ocarina_of_Time.html
377,Baris.html,is,Character,from,The_Legend_of_Zelda__The_Minish_Cap.html
378,Barkle.html,is,Character,from,Freshly-Picked_Tingle%27s_Rosy_Rupeeland.html
379,Barnes.html,is,Character,in,Kakariko_Village.html#Twilight_Princess
380,Barnes_Bomb_Shop.html,is,Location,in,The_Legend_of_Zelda_(Series).html
381,Baron.html,is,Character,from,Freshly-Picked_Tingle%27s_Rosy_Rupeeland.html
382,Baron.html,is,Boss,in,Freshly-Picked_Tingle%27s_Rosy_Rupeeland.html
383,Barrel.html,are,Object,in,The_Legend_of_Zelda_series.html
384,Barrel.html,are,Object,in,The_Legend_of_Zelda_(Series).html
385,Barrel_House.html,is,Location,from,The_Legend_of_Zelda__The_Minish_Cap.html
386,Barrel_Shack.html,are,Object,in,The_Legend_of_Zelda__Phantom_Hourglass.html
387,Barta.html,is,Character,in,The_Legend_of_Zelda__Breath_of_the_Wild.html
388,Barta.html,is,Character,in,The_Legend_of_Zelda__Breath_of_the_Wild.html
389,Barula_Plain.html,is,Location,in,The_Legend_of_Zelda__Breath_of_the_Wild.html
390,Basht_and_Bisht.html,are,Character,from,The_Legend_of_Zelda__The_Wind_Waker.html
391,Basket.html,is,Item,in,The_Legend_of_Zelda__A_Link_to_the_Past.html
392,Batrea_Lake.html,is,Location,from,The_Legend_of_Zelda__Breath_of_the_Wild.html
393,Batrea_Lake.html,is,Location,in,The_Legend_of_Zelda__Breath_of_the_Wild.html
394,Batreaux's_House.html,is,Location,from,The_Legend_of_Zelda__Skyward_Sword.html
395,Batreaux.html,is,Character,from,The_Legend_of_Zelda__Skyward_Sword.html
396,Battle_Association.html,is,Group,from,The_Legend_of_Zelda__Spirit_Tracks.html
397,Battle_Bat.html,are,Enemy,in,The_Legend_of_Zelda__Link%27s_Awakening.html
398,Battle_Robot.html,is,Item,from,Freshly-Picked_Tingle%27s_Rosy_Rupeeland.html
399,Battle_Wheel.html,are,Object,in,The_Legend_of_Zelda__Phantom_Hourglass.html
400,Baumer.html,is,Character,in,The_Legend_of_Zelda__Breath_of_the_Wild.html
401,Bawb.html,are,Enemy,from,The_Legend_of_Zelda__A_Link_Between_Worlds.html
402,Bayge.html,is,Character,from,The_Legend_of_Zelda__Breath_of_the_Wild.html
403,Bayge.html,is,Character,in,The_Legend_of_Zelda__Breath_of_the_Wild.html
404,Bazaar_(Hyrule_Warriors).html,is,Shop,in,Hyrule_Warriors.html
405,Bazaar_(Ocarina_of_Time).html,is,Shop,from,The_Legend_of_Zelda__Ocarina_of_Time.html
406,Bazaar_(Ocarina_of_Time).html,is,Shop,in,The_Legend_of_Zelda__Ocarina_of_Time.html
407,Bazaar_(Skyward_Sword).html,is,Location,from,The_Legend_of_Zelda__Skyward_Sword.html
408,Bazaar_Owner.html,is,Character,in,The_Legend_of_Zelda__Ocarina_of_Time.html
409,Bazz.html,is,Character,from,The_Legend_of_Zelda__Breath_of_the_Wild.html
410,Beamos.html,are,Enemy,in,The_Legend_of_Zelda_series.html
411,Beamos.html,are,Enemy,in,The_Legend_of_Zelda_(Series).html
412,Bean.html,are,Object,in,The_Legend_of_Zelda__The_Minish_Cap.html
413,Bean_Seller.html,is,Character,in,The_Legend_of_Zelda_series.html
414,Bean_Seller.html,is,Character,in,The_Legend_of_Zelda_(Series).html
415,Bean_Stalk.html,are,Object,from,The_Legend_of_Zelda__The_Minish_Cap.html
416,Beanstalk.html,are,Object,in,The_Legend_of_Zelda__The_Minish_Cap.html
417,Bearded_Baron.html,is,Character,in,The_Legend_of_Zelda__Tri_Force_Heroes.html
418,Beaver_Brothers.html,are,Character,in,The_Legend_of_Zelda__Majora%27s_Mask.html
419,Beavers.html,are,Character,from,The_Legend_of_Zelda__Majora%27s_Mask.html
420,Bedoli.html,is,Character,from,The_Legend_of_Zelda__Breath_of_the_Wild.html
421,Bee.html,are,Enemy,in,The_Legend_of_Zelda_series.html
422,Bee.html,are,Enemy,in,The_Legend_of_Zelda_(Series).html
423,Bee_Badge.html,is,Item,from,The_Legend_of_Zelda__A_Link_Between_Worlds.html
424,Bee_Guy.html,is,Character,from,The_Legend_of_Zelda__A_Link_Between_Worlds.html
425,Bee_Guy.html,is,Character,in,The_Legend_of_Zelda__A_Link_Between_Worlds.html
426,Bee_Larva.html,is,Item,in,The_Legend_of_Zelda_series.html
427,Bee_Larvae.html,are,Item,in,The_Legend_of_Zelda_(Series).html
428,Beedle's_Air_Shop.html,is,Location,in,The_Legend_of_Zelda_series.html
429,Beedle's_Insect_Cage.html,is,Item,from,The_Legend_of_Zelda__Skyward_Sword.html
430,Beedle's_Island.html,is,Location,from,The_Legend_of_Zelda__Skyward_Sword.html
431,Beedle's_Island.html,is,Location,in,The_Legend_of_Zelda__Skyward_Sword.html
432,Beedle's_Shop_Ship.html,is,Shop,in,The_Legend_of_Zelda_series.html
433,Beedle.html,is,Character,in,The_Legend_of_Zelda_series.html
434,Beedle.html,is,Character,in,The_Legend_of_Zelda__Skyward_Sword.html
435,Beehive.html,are,Object,in,The_Legend_of_Zelda_series.html
436,Beehive.html,are,Enemy,in,The_Legend_of_Zelda_(Series).html
437,Bees.html,are,Enemy,in,The_Legend_of_Zelda_(Series).html
438,Beetle_(Item).html,is,Item,in,The_Legend_of_Zelda__Skyward_Sword.html
439,Beetle_(item).html,is,Item,from,The_Legend_of_Zelda__Skyward_Sword.html
440,Beetle_I.html,are,Object,in,Hyrule_Warriors_Legends.html
441,Beetle_II.html,are,Object,in,Hyrule_Warriors_Legends.html
442,Beetle_King.html,is,Boss,in,Freshly-Picked_Tingle%27s_Rosy_Rupeeland.html
443,Beetle_King_Death_Bug.html,is,Boss,of,Insect_Cavern.html
444,Beetle_Lord_Death_Bug.html,is,Boss,of,Hero%27s_Shrine.html
445,Beggar.html,is,Character,from,The_Legend_of_Zelda__Ocarina_of_Time.html
446,Beggar.html,is,Character,in,The_Legend_of_Zelda__Ocarina_of_Time.html
447,Belari.html,is,Character,from,The_Legend_of_Zelda__The_Minish_Cap.html
448,Belari.html,is,Character,in,The_Legend_of_Zelda__The_Minish_Cap.html
449,Bell.html,is,Item,in,The_Legend_of_Zelda__A_Link_Between_Worlds.html
450,Bell_(A_Link_Between_Worlds).html,is,Item,from,The_Legend_of_Zelda__A_Link_Between_Worlds.html
451,Bell_Anchor.html,are,Object,in,The_Legend_of_Zelda__Phantom_Hourglass.html
452,Bell_Prow.html,are,Object,in,The_Legend_of_Zelda__Phantom_Hourglass.html
453,Bella.html,is,Character,from,Freshly-Picked_Tingle%27s_Rosy_Rupeeland.html
454,Bella.html,is,Character,in,Freshly-Picked_Tingle%27s_Rosy_Rupeeland.html
455,Bellum_(boss).html,is,Boss,from,The_Legend_of_Zelda__Phantom_Hourglass.html
456,Bellum_Blob.html,are,Enemy,from,The_Legend_of_Zelda__Phantom_Hourglass.html
457,Bellumbeck.html,is,Boss,from,The_Legend_of_Zelda__Phantom_Hourglass.html
458,Beneath_the_Graveyard.html,is,Location,from,The_Legend_of_Zelda__Majora%27s_Mask.html
459,Beneath_the_Graveyard.html,is,Location,in,The_Legend_of_Zelda__Majora%27s_Mask.html
460,Beneath_the_Well.html,is,Dungeon,in,The_Legend_of_Zelda__Majora%27s_Mask.html
461,Benja.html,is,Character,in,The_Legend_of_Zelda__Breath_of_the_Wild.html
462,Benja.html,is,Character,in,The_Legend_of_Zelda__Breath_of_the_Wild.html
463,Benny.html,is,Character,from,The_Legend_of_Zelda__Breath_of_the_Wild.html
464,Benny.html,is,Character,in,The_Legend_of_Zelda__Breath_of_the_Wild.html
465,Berry.html,is,Character,from,The_Legend_of_Zelda__The_Minish_Cap.html
466,Berry.html,are,Character,in,The_Legend_of_Zelda__The_Wind_Waker.html
467,Bertie.html,is,Character,from,The_Legend_of_Zelda__Skyward_Sword.html
468,Bertie.html,is,Character,in,The_Legend_of_Zelda__Skyward_Sword.html
469,Bertri.html,is,Character,in,The_Legend_of_Zelda__Breath_of_the_Wild.html
470,Beth.html,is,Character,in,The_Legend_of_Zelda__Twilight_Princess.html
471,Beth_(Ocarina_of_Time%2FMajora's_Mask).html,is,Character,in,../The_Legend_of_Zelda_series.html
472,Beth_(Poe).html,is,Character,in,The_Legend_of_Zelda__Ocarina_of_Time.html
473,Beth_Poe.html,is,Character,in,The_Legend_of_Zelda__Ocarina_of_Time.html
474,Big_Bag.html,is,Item,in,BS_The_Legend_of_Zelda__Ancient_Stone_Tablets.html
475,Big_Blue_ChuChu.html,is,Dungeon,in,The_Legend_of_Zelda__The_Minish_Cap.html
476,Big_Bro.html,is,Character,from,Chef_(Freshly-Picked_Tingle%27s_Rosy_Rupeeland).html
477,Big_Bug_Net.html,is,Item,from,The_Legend_of_Zelda__Skyward_Sword.html
478,Big_Bug_Net.html,is,Item,in,The_Legend_of_Zelda_(Series).html
479,Big_Catch_Flag.html,is,Item,in,Quest_for_the_Shop_Guru_Statue.html
480,Big_Catch_Flag.html,are,Item,in,The_Legend_of_Zelda__The_Wind_Waker.html
481,Big_Catch_Lure.html,is,Item,from,The_Legend_of_Zelda__Phantom_Hourglass.html
482,Big_Dark_Stalfos.html,are,Boss,in,The_Legend_of_Zelda__Four_Swords_Adventures.html
483,Big_Deku_Seed_Bullet_Bag.html,is,Item,in,The_Legend_of_Zelda__Ocarina_of_Time.html
484,Big_Dodongo.html,is,Boss,from,The_Legend_of_Zelda__Four_Swords_Adventures.html
485,Big_Green_ChuChu.html,is,Boss,of,Deepwood_Shrine.html
486,Big_Green_Chuchu.html,is,Boss,of,Deepwood_Shrine.html
487,Big_Liar.html,is,Boss,in,Tingle.html
488,Big_Manhandla.html,is,Boss,in,The_Legend_of_Zelda_(Series).html
489,Big_Moldorm.html,is,Boss,in,The_Legend_of_Zelda_(Series).html
490,Big_Octorok.html,is,Boss,of,Temple_of_Droplets.html
491,Big_Octorok.html,is,Boss,of,Temple_of_Droplets.html
492,Big_Pengator.html,are,Enemy,in,The_Legend_of_Zelda__Four_Swords_Adventures.html
493,Big_Poe_Soul.html,are,Item,in,The_Legend_of_Zelda_(Series).html
494,Big_Quiver.html,is,Item,in,The_Legend_of_Zelda_series.html
495,Big_Quiver.html,are,Item,in,The_Legend_of_Zelda_(Series).html
496,Big_Sale_Flag.html,is,Item,in,Quest_for_the_Shop_Guru_Statue.html
497,Big_Sale_Flag.html,are,Item,in,The_Legend_of_Zelda__The_Wind_Waker.html
498,Big_Twin_Bridge.html,is,Location,in,The_Legend_of_Zelda__Breath_of_the_Wild.html
499,Big_Twin_Bridge.html,is,Location,in,The_Legend_of_Zelda__Breath_of_the_Wild.html
500,Big_Wallet.html,is,Item,in,The_Legend_of_Zelda_series.html
501,Biggest_Deku_Seed_Bullet_Bag.html,is,Item,in,The_Legend_of_Zelda__Ocarina_of_Time.html
502,Biggest_Quiver.html,are,Item,in,The_Legend_of_Zelda_(Series).html
503,Biggoron's_Sword.html,is,Sword,in,The_Legend_of_Zelda_series.html
504,Biggoron's_Sword.html,is,Sword,in,The_Legend_of_Zelda_(Series).html
505,Biggoron.html,is,Character,in,The_Legend_of_Zelda_series.html
506,Biggoron.html,is,Character,in,The_Legend_of_Zelda_(Series).html
507,Biggoron_Sword.html,is,Sword,in,The_Legend_of_Zelda_series.html
508,Biggoron_Sword.html,is,Sword,in,The_Legend_of_Zelda_(Series).html
509,Bilocyte.html,is,Boss,in,The_Legend_of_Zelda__Skyward_Sword.html
510,Binding_Force.html,is,Object,from,Zelda_II__The_Adventure_of_Link.html
511,Bindle.html,is,Character,from,The_Legend_of_Zelda__The_Minish_Cap.html
512,Bio-Electric_Cube.html,are,Enemy,from,The_Legend_of_Zelda__Ocarina_of_Time.html
513,Bipin's_&_Blossom's_House.html,is,Location,in,The_Legend_of_Zelda__Oracle_of_Ages.html
514,Bipin's_and_Blossom's_Son.html,is,Character,from,The_Legend_of_Zelda__Oracle_of_Seasons.html
515,Bipsom.html,is,Character,in,The_Legend_of_Zelda__Oracle_of_Ages_(Wessel).html
516,Bird's_Peak_Rock.html,is,Location,from,The_Legend_of_Zelda__The_Wind_Waker.html
517,Bird-Masked_Man.html,is,Character,in,The_Legend_of_Zelda__A_Link_Between_Worlds.html
518,Bird-Masked_Man.html,is,Character,in,The_Legend_of_Zelda__A_Link_Between_Worlds.html
519,Bird_Egg.html,are,Item,in,The_Legend_of_Zelda__Breath_of_the_Wild.html
520,Bird_Feather.html,are,Item,from,The_Legend_of_Zelda__Skyward_Sword.html
521,Bird_Feather.html,are,Item,in,The_Legend_of_Zelda_(Series).html
522,Bird_Key.html,is,Item,from,The_Legend_of_Zelda__Link%27s_Awakening.html
523,Bird_Lover.html,is,Character,from,The_Legend_of_Zelda__A_Link_Between_Worlds.html
524,Bird_Lover.html,is,Character,in,The_Legend_of_Zelda__A_Link_Between_Worlds.html
525,Bird_Meat.html,is,Item,from,The_Legend_of_Zelda__Breath_of_the_Wild.html
526,Bird_Statue.html,are,Object,from,Hyrule.html#The_Legend_of_Zelda:_Skyward_Sword
527,Bird_Statuette.html,is,Item,from,The_Legend_of_Zelda__Skyward_Sword.html
528,Biri.html,are,Enemy,in,The_Legend_of_Zelda_series.html
529,Biri.html,are,Enemy,in,The_Legend_of_Zelda_(Series).html
530,Birida_Lookout.html,is,Location,in,The_Legend_of_Zelda__Breath_of_the_Wild.html
531,Birida_Lookout.html,is,Location,in,The_Legend_of_Zelda__Breath_of_the_Wild.html
532,Biron_Snowshelf.html,is,Location,in,The_Legend_of_Zelda__Breath_of_the_Wild.html
533,Bit.html,are,Enemy,from,Zelda_II__The_Adventure_of_Link.html
534,Bit.html,are,Enemy,in,Zelda_II__The_Adventure_of_Link.html
535,Blaaz.html,is,Boss,from,The_Legend_of_Zelda__Spirit_Tracks.html
536,Black_Bokoblin.html,are,Enemy,in,The_Legend_of_Zelda_series.html
537,Black_Bokoblin.html,are,Enemy,in,The_Legend_of_Zelda__Breath_of_the_Wild.html
538,Black_Chu_Jelly.html,is,Item,in,The_Legend_of_Zelda_series.html
539,Black_Dye.html,are,Object,in,The_Legend_of_Zelda__Breath_of_the_Wild.html
540,Black_Falls.html,is,Location,in,The_Legend_of_Zelda_(Series).html
541,Black_Hinox.html,are,Enemy,in,The_Legend_of_Zelda_(Series).html
542,Black_Knight.html,is,Enemy,from,The_Legend_of_Zelda__The_Minish_Cap.html
543,Black_Lizalfos.html,are,Enemy,in,The_Legend_of_Zelda__Breath_of_the_Wild.html
544,Black_Moblin.html,are,Enemy,in,The_Legend_of_Zelda_series.html
545,Black_Moblin.html,are,Enemy,in,The_Legend_of_Zelda__Breath_of_the_Wild.html
546,Black_Orb.html,is,Item,in,Zelda%27s_Adventure.html
547,Blackened_Crab.html,is,Item,from,The_Legend_of_Zelda__Breath_of_the_Wild.html
548,Blacksmith's_Daughter.html,is,Character,in,Blacksmith_(The_Faces_of_Evil).html
549,Blacksmith's_Forge.html,is,Location,in,The_Legend_of_Zelda__A_Link_Between_Worlds.html
550,Blacksmith's_Shop.html,are,Character,in,The_Legend_of_Zelda__A_Link_to_the_Past.html
551,Blacksmith's_Wife.html,is,Character,from,The_Legend_of_Zelda__A_Link_Between_Worlds.html
552,Blacksmith's_Wife.html,is,Character,in,The_Legend_of_Zelda__A_Link_Between_Worlds.html
553,Blacksmith.html,is,Character,from,The_Legend_of_Zelda__A_Link_Between_Worlds.html
554,Blacksmith_(A_Link_Between_Worlds).html,is,Character,in,The_Legend_of_Zelda__A_Link_Between_Worlds.html
555,Blacksmith_(The_Faces_of_Evil).html,is,Character,in,Link__The_Faces_of_Evil.html
556,Blade_Brothers.html,is,Group,from,The_Legend_of_Zelda__The_Minish_Cap.html
557,Blade_Brothers.html,are,Character,in,The_Legend_of_Zelda__The_Minish_Cap.html
558,Bladon.html,is,Character,from,The_Legend_of_Zelda__Breath_of_the_Wild.html
559,Bladon.html,is,Character,in,The_Legend_of_Zelda__Breath_of_the_Wild.html
560,Blaino.html,is,Character,in,The_Legend_of_Zelda__Oracle_of_Seasons.html
561,Blast_Bloom.html,are,Object,from,The_Legend_of_Zelda__Oracle_of_Seasons.html
562,Blast_Ring.html,are,Item,in,The_Legend_of_Zelda__Oracle_of_Ages.html
563,Blastworm.html,are,Enemy,from,The_Legend_of_Zelda__Spirit_Tracks.html
564,Blatchery_Plain.html,is,Location,in,The_Legend_of_Zelda__Breath_of_the_Wild.html
565,Blessed_Idol.html,is,Item,from,The_Legend_of_Zelda__Skyward_Sword.html
566,Blessed_Idol.html,are,Item,in,The_Legend_of_Zelda__Skyward_Sword.html
567,Blind.html,is,Boss,in,The_Legend_of_Zelda__A_Link_Between_Worlds.html
568,Blind_the_Thief.html,is,Boss,in,The_Legend_of_Zelda__A_Link_Between_Worlds.html
569,Blizzagia.html,is,Boss,in,The_Legend_of_Zelda__Tri_Force_Heroes.html
570,Blizzagia.html,is,Boss,of,Ice_Temple.html
571,Blizzard_Rod.html,is,Item,from,The_Legend_of_Zelda__Breath_of_the_Wild.html
572,Blizzard_Rod.html,are,Weapon,in,The_Legend_of_Zelda__Breath_of_the_Wild.html
573,Blizzeta.html,is,Boss,in,The_Legend_of_Zelda__Twilight_Princess.html
574,Blizzeta.html,is,Boss,in,The_Legend_of_Zelda__Twilight_Princess.html
575,Blizzrobe.html,are,Enemy,from,The_Legend_of_Zelda__Breath_of_the_Wild.html
576,Blizzrobe.html,are,Enemy,in,The_Legend_of_Zelda__Breath_of_the_Wild.html
577,Blob.html,are,Enemy,in,The_Legend_of_Zelda_series.html
578,Blob.html,are,Enemy,in,The_Legend_of_Zelda_(Series).html
579,Block.html,are,Object,in,The_Legend_of_Zelda_series.html
580,Bloober.html,are,Enemy,in,The_Legend_of_Zelda__Link%27s_Awakening.html
581,Bloodleaf_Lake.html,is,Location,in,The_Legend_of_Zelda__Breath_of_the_Wild.html
582,Blooper.html,are,Enemy,from,The_Legend_of_Zelda__Link%27s_Awakening.html
583,Blooper.html,are,Enemy,in,The_Legend_of_Zelda__Link%27s_Awakening.html
584,Bludo.html,is,Character,from,The_Legend_of_Zelda__Breath_of_the_Wild.html
585,Bludo.html,is,Character,in,The_Legend_of_Zelda__Breath_of_the_Wild.html
586,Blue_Bird_Feather.html,are,Item,from,The_Legend_of_Zelda__Skyward_Sword.html
587,Blue_Bird_Feather.html,are,Item,in,The_Legend_of_Zelda_(Series).html
588,Blue_Bokoblin.html,are,Enemy,in,The_Legend_of_Zelda_series.html
589,Blue_Bokoblin.html,are,Enemy,in,The_Legend_of_Zelda__Twilight_Princess.html
590,Blue_Bracelet.html,are,Item,from,The_Legend_of_Zelda__Link%27s_Awakening.html
591,Blue_Bracelet.html,is,Item,in,The_Legend_of_Zelda__Four_Swords_Adventures.html
592,Blue_Candle.html,is,Item,from,The_Legend_of_Zelda.html
593,Blue_Candle.html,is,Item,in,The_Legend_of_Zelda_(Series).html
594,Blue_ChuChu.html,are,Enemy,in,ChuChu.html#The_Legend_of_Zelda:_Breath_of_the_Wild
595,Blue_Chu_Jelly.html,is,Item,in,The_Legend_of_Zelda_(Series).html
596,Blue_Clothes.html,are,Item,from,The_Legend_of_Zelda__Link%27s_Awakening.html#DX_version
597,Blue_Dye.html,are,Object,in,The_Legend_of_Zelda__Breath_of_the_Wild.html
598,Blue_Guide_Book.html,is,Item,from,The_Legend_of_Zelda__The_Wind_Waker.html
599,Blue_Hinox.html,are,Enemy,in,The_Legend_of_Zelda_(Series).html
600,Blue_Joy_Ring.html,are,Item,in,The_Legend_of_Zelda__Oracle_of_Ages.html
601,Blue_Knight.html,is,Character,from,The_Legend_of_Zelda__Four_Swords_Adventures.html
602,Blue_Lizalfos.html,are,Enemy,in,The_Legend_of_Zelda_series.html
603,Blue_Lizalfos.html,are,Enemy,in,The_Legend_of_Zelda__Breath_of_the_Wild.html
604,Blue_Mail.html,is,Item,in,The_Legend_of_Zelda_series.html
605,Blue_Moblin.html,are,Enemy,in,The_Legend_of_Zelda__Breath_of_the_Wild.html
606,Blue_Nightshade.html,are,Item,in,The_Legend_of_Zelda__Breath_of_the_Wild.html
607,Blue_Ore.html,are,Item,in,The_Legend_of_Zelda__Oracle_of_Seasons.html
608,Blue_Potion.html,is,Item,in,The_Legend_of_Zelda_series.html
609,Blue_Ring.html,is,Item,in,The_Legend_of_Zelda_series.html
610,Blue_Ring.html,is,Item,in,The_Legend_of_Zelda_(Series).html
611,Blue_Stalfos.html,is,Boss,of,Ancient_Tomb.html
612,Blue_Ting.html,is,Item,from,The_Legend_of_Zelda__The_Wind_Waker.html
613,Blueshell_Escargot.html,is,Item,from,The_Legend_of_Zelda__Breath_of_the_Wild.html
614,Blynne.html,is,Character,from,The_Legend_of_Zelda__Breath_of_the_Wild.html
615,Boat_Oar.html,is,Item,from,The_Legend_of_Zelda__Breath_of_the_Wild.html
616,Boating_Course.html,is,Location,from,The_Legend_of_Zelda__The_Wind_Waker.html
617,Bob-omb.html,are,Enemy,in,The_Legend_of_Zelda_series.html
618,Bodyguard.html,are,Character,from,Freshly-Picked_Tingle%27s_Rosy_Rupeeland.html
619,Bodyguard_Salon.html,is,Location,in,Freshly-Picked_Tingle%27s_Rosy_Rupeeland.html
620,Bodyguard_Salons.html,is,Location,in,Freshly-Picked_Tingle%27s_Rosy_Rupeeland.html
621,Boe.html,are,Enemy,from,The_Legend_of_Zelda__Majora%27s_Mask.html
622,Bohrin.html,is,Character,from,The_Legend_of_Zelda__Breath_of_the_Wild.html
623,Bohrin.html,is,Character,in,The_Legend_of_Zelda__Breath_of_the_Wild.html
624,Boko_Baba_Seed.html,are,Item,from,The_Legend_of_Zelda__The_Wind_Waker.html
625,Boko_Baba_Seed.html,are,Item,in,The_Legend_of_Zelda__The_Wind_Waker.html
626,Boko_Bat.html,is,Item,in,The_Legend_of_Zelda__Breath_of_the_Wild.html
627,Boko_Bat.html,are,Weapon,in,The_Legend_of_Zelda__Breath_of_the_Wild.html
628,Boko_Bow.html,is,Item,from,The_Legend_of_Zelda__Breath_of_the_Wild.html
629,Boko_Club.html,is,Item,from,The_Legend_of_Zelda__Breath_of_the_Wild.html
630,Boko_Club.html,is,Item,in,The_Legend_of_Zelda__Breath_of_the_Wild.html
631,Boko_Nut.html,are,Item,from,The_Legend_of_Zelda__The_Wind_Waker.html
632,Boko_Nut.html,are,Object,in,The_Legend_of_Zelda__The_Wind_Waker.html
633,Boko_Shield.html,is,Item,in,The_Legend_of_Zelda__Breath_of_the_Wild.html
634,Boko_Shield.html,is,Item,in,The_Legend_of_Zelda__Breath_of_the_Wild.html
635,Boko_Spear.html,is,Item,in,The_Legend_of_Zelda__Breath_of_the_Wild.html
636,Boko_Spear.html,is,Item,in,The_Legend_of_Zelda__Breath_of_the_Wild.html
637,Boko_Stick.html,are,Item,from,The_Legend_of_Zelda__The_Wind_Waker.html
638,Bokoblin.html,are,Enemy,in,The_Legend_of_Zelda_series.html
639,Bokoblin.html,are,Enemy,in,The_Legend_of_Zelda_(Series).html
640,Bokoblin_Archer.html,are,Enemy,in,The_Legend_of_Zelda_(Series).html
641,Bokoblin_Arm.html,is,Item,from,The_Legend_of_Zelda__Breath_of_the_Wild.html
642,Bokoblin_Arm.html,is,Item,in,The_Legend_of_Zelda__Breath_of_the_Wild.html
643,Bokoblin_Base.html,is,Location,from,The_Legend_of_Zelda__Skyward_Sword.html
644,Bokoblin_Guts.html,are,Item,in,The_Legend_of_Zelda__Breath_of_the_Wild.html
645,Bokoblin_Horn.html,are,Item,in,The_Legend_of_Zelda__Breath_of_the_Wild.html
646,Bokoblin_Mask.html,is,Item,from,The_Legend_of_Zelda__Breath_of_the_Wild.html
647,Bokoblin_Mask.html,is,Item,in,The_Legend_of_Zelda__Breath_of_the_Wild.html
648,Bokoblin_Summoner.html,are,Enemy,in,The_Legend_of_Zelda_(Series).html
649,Bokoblins.html,are,Enemy,in,The_Legend_of_Zelda_series.html
650,Bokoblins.html,are,Enemy,in,The_Legend_of_Zelda_(Series).html
651,Boldon.html,is,Character,in,The_Legend_of_Zelda__Breath_of_the_Wild.html
652,Boldon.html,is,Character,in,The_Legend_of_Zelda__Breath_of_the_Wild.html
653,Bolero_of_Fire.html,is,Song,in,The_Legend_of_Zelda__Ocarina_of_Time.html
654,Bolson.html,is,Character,in,The_Legend_of_Zelda__Breath_of_the_Wild.html
655,Bomb-Master_Cannon.html,is,Character,in,The_Legend_of_Zelda__The_Wind_Waker.html
656,Bomb-Shop_Man.html,is,Character,from,The_Legend_of_Zelda__A_Link_Between_Worlds.html
657,Bomb-Shop_Man.html,is,Character,in,The_Legend_of_Zelda__A_Link_Between_Worlds.html
658,Bomb.html,are,Item,in,The_Legend_of_Zelda_series.html
659,Bomb.html,are,Item,in,The_Legend_of_Zelda_(Series).html
660,Bomb_Barrel.html,are,Item,from,The_Legend_of_Zelda__Breath_of_the_Wild.html
661,Bomb_Flower.html,are,Item,in,The_Legend_of_Zelda__Oracle_of_Seasons.html
662,Bomb_Flower_Store.html,is,Location,in,The_Legend_of_Zelda__A_Link_Between_Worlds.html
663,Bomb_Flowers.html,are,Item,in,The_Legend_of_Zelda__Oracle_of_Seasons.html
664,Bomb_Hugging_Squirrel.html,are,Enemy,in,Freshly-Picked_Tingle%27s_Rosy_Rupeeland.html
665,Bomb_Insect.html,are,Enemy,in,The_Legend_of_Zelda__Twilight_Princess.html
666,Bomb_Island.html,is,Location,from,The_Legend_of_Zelda__The_Wind_Waker.html
667,Bomb_Shop.html,is,Shop,in,The_Legend_of_Zelda_(Series).html
668,Bomb_Shop_Owner.html,is,Character,in,The_Legend_of_Zelda__Ocarina_of_Time.html
669,Bombarossa.html,are,Enemy,from,The_Legend_of_Zelda__The_Minish_Cap.html
670,Bombchu.html,are,Item,in,The_Legend_of_Zelda_series.html
671,Bombchu.html,are,Item,in,The_Legend_of_Zelda_series.html
672,Bombchu_Bag.html,is,Item,from,The_Legend_of_Zelda__Phantom_Hourglass.html
673,Bombchu_Bag.html,are,Item,in,The_Legend_of_Zelda__Phantom_Hourglass.html
674,Bombchu_Bowling_Alley.html,is,Location,from,The_Legend_of_Zelda__Ocarina_of_Time.html
675,Bombchu_Shop.html,is,Shop,from,The_Legend_of_Zelda__Ocarina_of_Time.html
676,Bombchu_Shop.html,is,Shop,in,The_Legend_of_Zelda__Ocarina_of_Time.html
677,Bomber's_Notebook.html,is,Item,from,The_Legend_of_Zelda__Majora%27s_Mask.html
678,Bomber's_Ring.html,are,Item,in,The_Legend_of_Zelda__Oracle_of_Ages.html
679,Bomber.html,are,Enemy,from,The_Legend_of_Zelda__Link%27s_Awakening.html
680,Bombers'_Hideout.html,is,Location,from,The_Legend_of_Zelda__Majora%27s_Mask.html
681,Bombers'_Notebook.html,is,Item,from,The_Legend_of_Zelda__Majora%27s_Mask.html
682,Bombers'_Notebook.html,is,Item,in,The_Legend_of_Zelda__Majora%27s_Mask.html
683,Bombers_Secret_Society_of_Justice.html,is,Group,from,The_Legend_of_Zelda__Majora%27s_Mask.html
684,Bombfish.html,is,Enemy,in,The_Legend_of_Zelda__Twilight_Princess.html
685,Bombite.html,are,Enemy,in,The_Legend_of_Zelda__Link%27s_Awakening.html
686,Bombling.html,are,Enemy,in,The_Legend_of_Zelda__Twilight_Princess.html
687,Bomblings.html,are,Enemy,in,The_Legend_of_Zelda__Twilight_Princess.html
688,Bombos.html,is,Item,in,The_Legend_of_Zelda_(Series).html
689,Bombos_Medallion.html,is,Item,in,The_Legend_of_Zelda__Ocarina_of_Time.html
690,Bombos_Medallion.html,is,Item,in,The_Legend_of_Zelda_(Series).html
691,Bombproof_Ring.html,are,Item,in,The_Legend_of_Zelda__Oracle_of_Ages.html
692,Bombs.html,are,Item,in,The_Legend_of_Zelda_series.html
693,Bombs.html,are,Item,in,The_Legend_of_Zelda_(Series).html
694,Bombskit.html,are,Enemy,in,The_Legend_of_Zelda__Twilight_Princess.html
695,Bomskit.html,are,Enemy,in,The_Legend_of_Zelda__Twilight_Princess.html
696,Bone.html,are,Object,in,The_Legend_of_Zelda__Twilight_Princess.html
697,Bone_Ocarina.html,is,Item,from,Freshly-Picked_Tingle%27s_Rosy_Rupeeland.html
698,Bone_Ocarina.html,is,Item,in,Freshly-Picked_Tingle%27s_Rosy_Rupeeland.html
699,Bone_Pond.html,is,Location,in,The_Legend_of_Zelda__Breath_of_the_Wild.html
700,Boneyard_Bridge.html,is,Location,in,The_Legend_of_Zelda__Breath_of_the_Wild.html
701,Bongo-Bongo.html,is,Boss,in,The_Legend_of_Zelda__Ocarina_of_Time.html
702,Bongo_Bongo.html,is,Boss,of,Shadow_Temple.html
703,Bongo_Bongo.html,is,Boss,in,The_Legend_of_Zelda__Ocarina_of_Time.html
704,Bonooru's_Stand.html,is,Location,in,The_Legend_of_Zelda__Breath_of_the_Wild.html
705,Bonooru.html,is,Character,from,The_Legend_of_Zelda__Ocarina_of_Time.html
706,Bonooru.html,is,Character,in,The_Legend_of_Zelda__Ocarina_of_Time.html
707,BonÇ_Pond.html,is,Location,in,The_Legend_of_Zelda__Breath_of_the_Wild.html
708,Book_of_Koridai.html,is,Item,from,Link.html
709,Book_of_Koridai.html,is,Item,in,Link__The_Faces_of_Evil.html
710,Book_of_Magic.html,is,Item,from,The_Legend_of_Zelda.html
711,Book_of_Magic.html,is,Item,in,The_Legend_of_Zelda_(Series).html
712,Book_of_Mudora.html,is,Item,from,The_Legend_of_Zelda__A_Link_to_the_Past.html
713,Book_of_Mudora.html,is,Item,in,The_Legend_of_Zelda__A_Link_to_the_Past.html
714,Boomerang.html,is,Item,in,The_Legend_of_Zelda_series.html
715,Boomerang.html,is,Item,in,The_Legend_of_Zelda_(Series).html
716,Boomerang_(Breath_of_the_Wild).html,is,Item,in,The_Legend_of_Zelda_series.html
717,Boomerang_Dealer.html,is,Character,from,The_Legend_of_Zelda__Link%27s_Awakening.html
718,Boon.html,are,Enemy,from,Zelda_II__The_Adventure_of_Link.html
719,Boon.html,are,Enemy,in,Zelda_II__The_Adventure_of_Link.html
720,Boots.html,are,Item,in,Zelda_II__The_Adventure_of_Link.html
721,Boots_(The_Adventure_of_Link).html,are,Item,from,Link.html#Zelda_II:_The_Adventure_of_Link
722,Borlov.html,is,Character,from,The_Legend_of_Zelda__The_Minish_Cap.html
723,Borlov.html,is,Character,in,The_Legend_of_Zelda__The_Minish_Cap.html
724,Borville.html,is,Character,in,The_Legend_of_Zelda__Twilight_Princess.html
725,Bosh_Kala.html,is,Character,from,The_Legend_of_Zelda__Breath_of_the_Wild.html
726,Boss_Remains.html,are,Item,from,The_Legend_of_Zelda__Majora%27s_Mask.html
727,Boss_Remains.html,are,Item,in,The_Legend_of_Zelda__Majora%27s_Mask.html
728,Bot.html,are,Enemy,from,Zelda_II__The_Adventure_of_Link.html
729,Botrick.html,is,Character,in,The_Legend_of_Zelda__Breath_of_the_Wild.html
730,Bottle.html,are,Item,in,The_Legend_of_Zelda_(Series).html
731,Bottle_Grotto.html,is,Dungeon,in,The_Legend_of_Zelda__Link%27s_Awakening.html
732,Bottle_Grotto.html,is,Dungeon,in,The_Legend_of_Zelda__Link%27s_Awakening.html
733,Bottled_Water.html,is,Item,in,The_Legend_of_Zelda_(Series).html
734,Bottom_of_the_Pot.html,is,Location,from,The_Legend_of_Zelda__The_Minish_Cap.html
735,Bottom_of_the_Well.html,is,Dungeon,in,The_Legend_of_Zelda__Ocarina_of_Time.html
736,Bottomless_Pit.html,is,Location,in,The_Legend_of_Zelda_(Series).html
737,Bottomless_Swamp.html,is,Location,from,The_Legend_of_Zelda__Breath_of_the_Wild.html
738,Boulder_Breaker.html,is,Item,from,The_Legend_of_Zelda__Breath_of_the_Wild.html
739,Bouldering_Guy.html,is,Character,from,The_Legend_of_Zelda__A_Link_Between_Worlds.html
740,Bouldering_Guy.html,is,Character,in,The_Legend_of_Zelda__A_Link_Between_Worlds.html
741,Bound_Chest.html,is,Object,from,The_Legend_of_Zelda__The_Minish_Cap.html
742,Bound_Chest.html,is,Object,in,The_Legend_of_Zelda__The_Minish_Cap.html
743,Bow.html,is,Weapon,in,The_Legend_of_Zelda_series.html
744,Bow.html,is,Weapon,in,The_Legend_of_Zelda_series.html
745,Bow.html,is,Item,throughout,The_Legend_of_Zelda__The_Wind_Waker.html
746,Bow.html,is,Item,throughout,The_Legend_of_Zelda__The_Wind_Waker.html
747,Bow_&_Arrow.html,is,Item,throughout,The_Legend_of_Zelda__The_Wind_Waker.html
748,Bow_&_Arrow.html,is,Item,throughout,The_Legend_of_Zelda__The_Wind_Waker.html
749,Bow_&_Arrows.html,is,Item,throughout,The_Legend_of_Zelda__The_Wind_Waker.html
750,Bow_&_Arrows.html,is,Item,throughout,The_Legend_of_Zelda__The_Wind_Waker.html
751,Bow_Moblin.html,are,Enemy,in,The_Legend_of_Zelda_(Series).html
752,Bow_and_Arrow.html,is,Item,throughout,The_Legend_of_Zelda__The_Wind_Waker.html
753,Bow_and_Arrow.html,is,Item,throughout,The_Legend_of_Zelda__The_Wind_Waker.html
754,Bow_of_Light.html,is,Item,in,The_Legend_of_Zelda_(Series).html
755,Boy.html,is,Character,in,The_Legend_of_Zelda__A_Link_Between_Worlds.html
756,Boy_in_the_Graveyard.html,is,Character,from,The_Legend_of_Zelda__Ocarina_of_Time.html
757,Bozai.html,is,Character,in,The_Legend_of_Zelda__Breath_of_the_Wild.html
758,Bozai.html,is,Character,in,The_Legend_of_Zelda__Breath_of_the_Wild.html
759,Brac.html,is,Character,from,The_Legend_of_Zelda__Majora%27s_Mask.html
760,Braced_Shield.html,is,Shield,from,The_Legend_of_Zelda__Skyward_Sword.html
761,Braced_Shield.html,is,Shield,in,The_Legend_of_Zelda_(Series).html
762,Branli.html,is,Character,from,The_Legend_of_Zelda__Breath_of_the_Wild.html
763,Brant.html,is,Character,from,The_Legend_of_Zelda__Phantom_Hourglass.html
764,Brazen_Beak.html,is,Shop,of,Rito_Village.html
765,Breach_of_Demise.html,is,Location,in,The_Legend_of_Zelda__Breath_of_the_Wild.html
766,Breen.html,is,Character,in,The_Legend_of_Zelda__Breath_of_the_Wild.html
767,Breen.html,is,Character,in,The_Legend_of_Zelda__Breath_of_the_Wild.html
768,Breman_Peak.html,is,Location,from,The_Legend_of_Zelda__Breath_of_the_Wild.html
769,Bremen_Mask.html,is,Item,in,The_Legend_of_Zelda__Majora%27s_Mask.html
770,Bremeur.html,is,Character,from,The_Legend_of_Zelda__Phantom_Hourglass.html
771,Bremor.html,is,Character,in,The_Legend_of_Zelda_series.html
772,Bremor.html,are,Character,in,The_Legend_of_Zelda_(Series).html
773,Brent.html,is,Character,from,The_Legend_of_Zelda__The_Minish_Cap.html
774,Brent.html,are,Character,in,The_Legend_of_Zelda_(Series).html
775,Breve.html,is,Character,from,The_Legend_of_Zelda__The_Minish_Cap.html
776,Bridge_Builders.html,is,Group,from,Foreman_(Freshly-Picked_Tingle%27s_Rosy_Rupeeland).html
777,Bridge_Worker's_Home.html,is,Location,in,The_Legend_of_Zelda__Spirit_Tracks.html
778,Bridge_Worker.html,is,Character,from,The_Legend_of_Zelda__Spirit_Tracks.html
779,Bridge_Worker.html,is,Character,in,Trading_Post_(Spirit_Tracks).html
780,Bridge_of_Eldin.html,is,Location,in,The_Legend_of_Zelda_(Series).html
781,Bridge_of_Eldin_(Breath_of_the_Wild).html,is,Location,from,The_Legend_of_Zelda__Breath_of_the_Wild.html
782,Bridge_of_Hylia.html,is,Location,in,The_Legend_of_Zelda__Breath_of_the_Wild.html
783,Bridge_of_Hylia.html,is,Location,in,The_Legend_of_Zelda__Breath_of_the_Wild.html
784,Bridge_of_Hylia_(Breath_of_the_Wild).html,is,Location,from,The_Legend_of_Zelda__Breath_of_the_Wild.html
785,Bridle.html,are,Item,from,The_Legend_of_Zelda__Breath_of_the_Wild.html
786,Bright_Ship.html,are,Object,in,The_Legend_of_Zelda__Phantom_Hourglass.html
787,Brigo.html,is,Character,from,The_Legend_of_Zelda__Breath_of_the_Wild.html
788,Brigo.html,is,Character,in,The_Legend_of_Zelda__Breath_of_the_Wild.html
789,Brioche.html,are,Item,from,The_Legend_of_Zelda__The_Minish_Cap.html
790,Broca_Island.html,is,Location,in,The_Legend_of_Zelda__Breath_of_the_Wild.html
791,Broca_Island.html,is,Location,in,The_Legend_of_Zelda__Breath_of_the_Wild.html
792,Brocco.html,is,Character,from,The_Legend_of_Zelda__The_Minish_Cap.html
793,Brocco.html,is,Character,in,The_Legend_of_Zelda__The_Minish_Cap.html
794,Broken_Giant's_Knife.html,is,Item,in,The_Legend_of_Zelda__Oracle_of_Ages.html
795,Broken_Goron's_Sword.html,is,Item,from,The_Legend_of_Zelda__Ocarina_of_Time.html
796,Broken_Goron's_Sword.html,is,Item,in,The_Legend_of_Zelda__Oracle_of_Ages.html
797,Broken_Goron_Sword.html,is,Item,in,The_Legend_of_Zelda__Oracle_of_Ages.html
798,Broken_Sword.html,is,Item,in,The_Legend_of_Zelda__Oracle_of_Ages.html
799,Brokka.html,is,Character,from,The_Legend_of_Zelda__Breath_of_the_Wild.html
800,Bronas_Forest.html,is,Location,from,The_Legend_of_Zelda__Breath_of_the_Wild.html
801,Bronze_Butterfly.html,is,Item,from,Freshly-Picked_Tingle%27s_Rosy_Rupeeland.html
802,Bronzi.html,is,Character,from,The_Legend_of_Zelda__Skyward_Sword.html
803,Bronzi.html,is,Character,in,The_Legend_of_Zelda__Skyward_Sword.html
804,Broom_(A_Link_Between_Worlds).html,is,Object,from,The_Legend_of_Zelda__A_Link_Between_Worlds.html
805,Broom_(Link's_Awakening).html,is,Item,from,The_Legend_of_Zelda__Link%27s_Awakening.html
806,Brotherhood_of_Underworld_Monsters.html,is,Group,from,The_Legend_of_Zelda_animated_series.html
807,Brown_Dye.html,are,Object,in,The_Legend_of_Zelda__Breath_of_the_Wild.html
808,Brynna_Plain.html,is,Location,in,The_Legend_of_Zelda__Breath_of_the_Wild.html
809,Bubble.html,are,Enemy,in,The_Legend_of_Zelda_series.html
810,Bubble.html,are,Enemy,in,The_Legend_of_Zelda_(Series).html
811,Bubble_Group.html,are,Enemy,in,The_Legend_of_Zelda_(Series).html
812,Bubbles.html,are,Enemy,in,The_Legend_of_Zelda_(Series).html
813,Bubinga_Forest.html,is,Location,in,The_Legend_of_Zelda__Breath_of_the_Wild.html
814,Bucha.html,is,Character,from,The_Legend_of_Zelda__Skyward_Sword.html
815,Bucha.html,is,Character,in,The_Legend_of_Zelda__Skyward_Sword.html
816,Bucket_Mouse.html,is,Character,from,The_Legend_of_Zelda__Link%27s_Awakening.html
817,Bug-Catching_Kid.html,is,Character,from,The_Legend_of_Zelda__A_Link_to_the_Past.html
818,Bug-Catching_Kid.html,is,Character,in,The_Legend_of_Zelda_(Series).html
819,Bug-Catching_Net.html,is,Item,in,The_Legend_of_Zelda_series.html
820,Bug-Catching_Net.html,is,Item,in,The_Legend_of_Zelda_(Series).html
821,Bug_Catching_Kid.html,is,Character,in,The_Legend_of_Zelda_(Series).html
822,Bug_Catching_Net.html,is,Item,in,The_Legend_of_Zelda_(Series).html
823,Bug_Eye_Glasses.html,are,Item,from,Freshly-Picked_Tingle%27s_Rosy_Rupeeland.html
824,Bug_Medal.html,is,Item,from,The_Legend_of_Zelda__Skyward_Sword.html
825,Bug_Medal.html,are,Item,in,The_Legend_of_Zelda_(Series).html
826,Bug_Net.html,is,Item,in,The_Legend_of_Zelda_(Series).html
827,Bug_Net_I.html,are,Object,in,Hyrule_Warriors_Legends.html
828,Bug_Net_II.html,are,Object,in,Hyrule_Warriors_Legends.html
829,Bug_Rock.html,is,Location,from,The_Legend_of_Zelda__Skyward_Sword.html
830,Bugut.html,is,Character,from,The_Legend_of_Zelda__Breath_of_the_Wild.html
831,Bulblin.html,are,Enemy,in,The_Legend_of_Zelda_series.html
832,Bulblin.html,are,Enemy,in,The_Legend_of_Zelda_(Series).html
833,Bulblin_Archer.html,are,Enemy,in,The_Legend_of_Zelda_(Series).html
834,Bulblin_Captain.html,is,Boss,in,The_Legend_of_Zelda__Twilight_Princess.html
835,Bulblins.html,are,Enemy,in,The_Legend_of_Zelda_(Series).html
836,Bulbul.html,are,Enemy,from,The_Legend_of_Zelda__Four_Swords.html
837,Buliara.html,is,Character,in,The_Legend_of_Zelda__Breath_of_the_Wild.html
838,Buliara.html,is,Character,in,The_Legend_of_Zelda__Breath_of_the_Wild.html
839,Bullbo.html,are,Enemy,in,The_Legend_of_Zelda_series.html
840,Bullet_Bag.html,is,Item,from,The_Legend_of_Zelda__Ocarina_of_Time.html
841,Bullet_Bag.html,is,Item,in,The_Legend_of_Zelda__Ocarina_of_Time.html
842,Bully's_Friend.html,is,Character,from,The_Legend_of_Zelda__A_Link_to_the_Past.html
843,Bully.html,is,Character,from,The_Legend_of_Zelda__A_Link_to_the_Past.html
844,Bulu.html,is,Character,from,The_Legend_of_Zelda__Spirit_Tracks.html
845,Bunnio.html,is,Character,in,The_Legend_of_Zelda__Spirit_Tracks.html
846,Bunny_Hood.html,is,Mask,in,The_Legend_of_Zelda_series.html
847,Bunny_Hood.html,is,Mask,in,The_Legend_of_Zelda__Ocarina_of_Time.html
848,Buri.html,is,Character,in,The_Legend_of_Zelda__Oracle_of_Ages_(Himekawa).html
849,Buriki.html,is,Character,from,Color_Changing_Tingle%27s_Love_Balloon_Trip.html
850,Buriki.html,is,Character,in,Ripened_Tingle%27s_Balloon_Trip_of_Love.html
851,Business_Scrub.html,are,Enemy,in,The_Legend_of_Zelda_series.html
852,Business_Scrub_Association.html,is,Group,from,The_Legend_of_Zelda__Majora%27s_Mask.html
853,Butter.html,is,Item,from,The_Legend_of_Zelda__The_Minish_Cap.html
854,Buzz.html,are,Enemy,in,Thieves%27_Town_(A_Link_to_the_Past).html
855,Buzz_Blob.html,are,Enemy,in,The_Legend_of_Zelda_(Series).html
856,Buzzblob.html,are,Enemy,in,The_Legend_of_Zelda_series.html
857,Buzzblob.html,are,Enemy,in,The_Legend_of_Zelda_(Series).html
858,Byrne.html,is,Character,from,The_Legend_of_Zelda__Spirit_Tracks.html
859,Byrne.html,is,Character,in,The_Legend_of_Zelda__Spirit_Tracks.html
860,Byrne_(boss).html,is,Boss,from,The_Legend_of_Zelda__Spirit_Tracks.html
861,Cabana.html,is,Location,from,The_Legend_of_Zelda__The_Wind_Waker.html
862,Cacto_Clothes.html,is,Item,from,The_Legend_of_Zelda__Tri_Force_Heroes.html
863,Cado.html,is,Character,from,The_Legend_of_Zelda__Breath_of_the_Wild.html
864,Cafe_Bar.html,is,Location,from,The_Legend_of_Zelda__The_Wind_Waker.html
865,Cafe_Bar.html,is,Location,in,The_Legend_of_Zelda__The_Wind_Waker.html
866,Calamareye.html,are,Boss,of,Poison_Moth%27s_Lair.html
867,Calamareye.html,is,Boss,of,Poison_Moth%27s_Lair.html
868,Calip.html,is,Character,in,The_Legend_of_Zelda__Breath_of_the_Wild.html
869,Calip.html,is,Character,in,The_Legend_of_Zelda__Breath_of_the_Wild.html
870,Calisa.html,is,Character,in,The_Legend_of_Zelda__Breath_of_the_Wild.html
871,Calisa.html,is,Character,in,The_Legend_of_Zelda__Breath_of_the_Wild.html
872,Calora_Lake.html,is,Location,in,The_Legend_of_Zelda__Breath_of_the_Wild.html
873,Calyban.html,is,Character,from,The_Legend_of_Zelda__Breath_of_the_Wild.html
874,Calyban.html,is,Character,in,The_Legend_of_Zelda__Breath_of_the_Wild.html
875,Cambo.html,is,Character,in,The_Legend_of_Zelda__Breath_of_the_Wild.html
876,Camera.html,is,Item,from,The_Legend_of_Zelda__Tri_Force_Heroes.html
877,Camera.html,are,Item,in,The_Legend_of_Zelda_(Series).html
878,Camera_Manual.html,is,Item,from,The_Legend_of_Zelda__Breath_of_the_Wild.html
879,Camera_Rune.html,is,Item,from,The_Legend_of_Zelda__Breath_of_the_Wild.html
880,Camera_Shop.html,is,Location,from,The_Legend_of_Zelda__Link%27s_Awakening.html
881,Camo_Goblin.html,are,Enemy,from,The_Legend_of_Zelda__Link%27s_Awakening.html
882,Camo_Goblin.html,are,Enemy,in,The_Legend_of_Zelda__Link%27s_Awakening_DX.html
883,Campfire_Egg.html,is,Item,from,The_Legend_of_Zelda__Breath_of_the_Wild.html
884,Camphor_Pond.html,is,Location,in,The_Legend_of_Zelda__Breath_of_the_Wild.html
885,Camphor_Pond.html,is,Location,in,The_Legend_of_Zelda__Breath_of_the_Wild.html
886,Candle.html,is,Item,in,The_Legend_of_Zelda_(Series).html
887,Candle_(The_Adventure_of_Link).html,is,Item,from,Zelda_II__The_Adventure_of_Link.html
888,Candy.html,is,Character,in,The_Legend_of_Zelda__The_Wind_Waker.html
889,Candy_(The_Minish_Cap).html,is,Character,from,The_Legend_of_Zelda__The_Minish_Cap.html
890,Candy_(The_Wind_Waker).html,is,Character,from,The_Legend_of_Zelda__The_Wind_Waker.html
891,Cane_Sugar.html,is,Item,from,The_Legend_of_Zelda__Breath_of_the_Wild.html
892,Cane_of_Byrna.html,is,Item,from,The_Legend_of_Zelda__A_Link_to_the_Past.html
893,Cane_of_Pacci.html,is,Item,from,The_Legend_of_Zelda__The_Minish_Cap.html
894,Cane_of_Pacci.html,is,Item,in,The_Legend_of_Zelda__The_Minish_Cap.html
895,Cane_of_Somaria.html,is,Item,in,The_Legend_of_Zelda_series.html
896,Cane_of_Somaria.html,is,Item,in,The_Legend_of_Zelda_(Series).html
897,Canni.html,is,Character,from,The_Legend_of_Zelda__Breath_of_the_Wild.html
898,Canni.html,is,Character,in,The_Legend_of_Zelda__Breath_of_the_Wild.html
899,Cannon.html,are,Object,in,The_Legend_of_Zelda_(Series).html
900,Cannon_(character).html,is,Character,from,The_Legend_of_Zelda__The_Wind_Waker.html
901,Cannon_Boat.html,are,Enemy,in,The_Legend_of_Zelda_series.html
902,Cannon_Boat.html,are,Enemy,in,The_Legend_of_Zelda_(Series).html
903,Cannon_Ship.html,are,Enemy,in,The_Legend_of_Zelda_(Series).html
904,Cannon_Turret.html,are,Enemy,from,The_Legend_of_Zelda__The_Wind_Waker.html
905,Canolo.html,is,Character,from,The_Legend_of_Zelda__Breath_of_the_Wild.html
906,Canteen.html,are,Item,in,The_Legend_of_Zelda_(Series).html
907,Cap'n.html,is,Character,in,Oracle_Series.html
908,Cap_of_Time.html,is,Item,from,The_Legend_of_Zelda__Ocarina_of_Time.html
909,Cap_of_Twilight.html,is,Item,from,The_Legend_of_Zelda__Twilight_Princess.html
910,Cap_of_the_Hero.html,is,Item,from,The_Legend_of_Zelda.html
911,Cap_of_the_Sky.html,is,Item,in,The_Legend_of_Zelda__Breath_of_the_Wild.html
912,Cap_of_the_Wild.html,is,Item,from,The_Legend_of_Zelda__Breath_of_the_Wild.html
913,Cap_of_the_Wild.html,is,Item,in,The_Legend_of_Zelda__Breath_of_the_Wild.html
914,Cap_of_the_Wind.html,is,Item,from,The_Legend_of_Zelda__The_Wind_Waker.html
915,Cape_Cales.html,are,Location,from,The_Legend_of_Zelda__Breath_of_the_Wild.html
916,Cape_Cresia.html,is,Location,from,The_Legend_of_Zelda__Breath_of_the_Wild.html
917,Cape_Treasure.html,is,Location,from,Freshly-Picked_Tingle%27s_Rosy_Rupeeland.html
918,Caprice.html,is,Character,from,The_Legend_of_Zelda__The_Minish_Cap.html
919,Captain's_Hat.html,is,Item,in,The_Legend_of_Zelda_(Series).html
920,Captain.html,is,Character,from,The_Legend_of_Zelda__A_Link_Between_Worlds.html
921,Captain_(A_Link_Between_Worlds).html,is,Character,in,The_Legend_of_Zelda__A_Link_Between_Worlds.html
922,Captain_Keeta.html,is,Character,from,The_Legend_of_Zelda__Majora%27s_Mask.html
923,Captain_Keeta.html,is,Boss,in,The_Legend_of_Zelda__Majora%27s_Mask.html
924,Captain_Krin.html,is,Character,by,The_Legend_of_Zelda_comics.html
925,Captain_Skull_Keeta.html,is,Boss,in,The_Legend_of_Zelda__Majora%27s_Mask.html
926,Captain_Stalfos.html,is,Boss,of,Pirate_Hideaway.html
927,Captain_Teake.html,is,Character,in,The_Legend_of_Zelda__Breath_of_the_Wild.html
928,Captain_Viscen.html,is,Character,from,The_Legend_of_Zelda__Ocarina_of_Time.html
929,Captured_Memories.html,is,Quest,from,The_Legend_of_Zelda__Breath_of_the_Wild.html
930,Cara.html,is,Character,in,The_Legend_of_Zelda__Breath_of_the_Wild.html
931,Cara.html,is,Character,in,The_Legend_of_Zelda__Breath_of_the_Wild.html
932,Carben.html,is,Character,from,The_Legend_of_Zelda__Spirit_Tracks.html
933,Carben.html,is,Character,from,Spirit_Tracks_(Object).html
934,Carlov.html,is,Character,in,The_Legend_of_Zelda_series.html
935,Carlov.html,is,Character,in,The_Legend_of_Zelda_(Series).html
936,Carlov_Medal.html,is,Item,from,The_Legend_of_Zelda__The_Minish_Cap.html
937,Carock.html,is,Boss,of,Maze_Island_Palace.html
938,Carok_Bridge.html,is,Location,from,The_Legend_of_Zelda__Breath_of_the_Wild.html
939,Carpenter.html,are,Character,in,The_Legend_of_Zelda_(Series).html
940,Carpenters'_Boss.html,is,Character,in,The_Legend_of_Zelda_(Series).html
941,Carpenters.html,are,Group,of,The_Legend_of_Zelda_series.html
942,Carpenters.html,are,Character,in,The_Legend_of_Zelda_(Series).html
943,Carpet_Merchant.html,is,Character,from,The_Legend_of_Zelda__Ocarina_of_Time.html
944,Carpet_Merchant.html,is,Character,in,The_Legend_of_Zelda__Ocarina_of_Time.html
945,Carrot.html,are,Object,in,The_Legend_of_Zelda_(Series).html
946,Carrot_Cake.html,is,Item,from,The_Legend_of_Zelda__Breath_of_the_Wild.html
947,Carrot_Stew.html,is,Item,from,The_Legend_of_Zelda__Breath_of_the_Wild.html
948,Cassiopia.html,is,Character,by,The_Legend_of_Zelda_comics.html
949,Castle's_Waterway.html,is,Location,in,The_Legend_of_Zelda__Twilight_Princess.html
950,Castle_Courtyard.html,is,Location,from,The_Legend_of_Zelda__Ocarina_of_Time.html
951,Castle_Courtyard.html,is,Location,in,The_Legend_of_Zelda__Ocarina_of_Time.html
952,Castle_Graveyard.html,is,Location,in,The_Legend_of_Zelda__Twilight_Princess.html
953,Castle_Grounds.html,is,Location,from,The_Legend_of_Zelda__Ocarina_of_Time.html
954,Castle_Town.html,is,Location,from,The_Legend_of_Zelda__Spirit_Tracks.html
955,Castle_Town_Central_Square.html,is,Location,in,The_Legend_of_Zelda__Twilight_Princess.html
956,Castle_Town_East_Road.html,is,Location,in,The_Legend_of_Zelda__Twilight_Princess.html
957,Castle_Town_Prison.html,is,Location,from,The_Legend_of_Zelda__Breath_of_the_Wild.html
958,Castle_Town_Sewers.html,is,Location,in,The_Legend_of_Zelda__Twilight_Princess.html
959,Castle_Town_Shop.html,is,Shop,from,The_Legend_of_Zelda__Spirit_Tracks.html
960,Castle_Town_Shop.html,is,Location,in,The_Legend_of_Zelda__Spirit_Tracks.html
961,Castle_Town_Watchtower.html,is,Location,from,The_Legend_of_Zelda__Breath_of_the_Wild.html
962,Castor_Wilds.html,is,Location,from,The_Legend_of_Zelda__The_Minish_Cap.html
963,Category_Stables.html,are,Location,in,The_Legend_of_Zelda__Breath_of_the_Wild.html
964,Catfish's_Maw.html,is,Dungeon,in,The_Legend_of_Zelda__Ocarina_of_Time.html
965,Catfish's_Maw.html,is,Dungeon,in,The_Legend_of_Zelda__Link%27s_Awakening.html
966,Catfish.html,is,Character,from,The_Legend_of_Zelda__A_Link_to_the_Past.html
967,Catfish.html,is,Character,in,The_Legend_of_Zelda__Link%27s_Awakening.html
968,Catfish_Deyansu.html,are,Enemy,from,Freshly-Picked_Tingle%27s_Rosy_Rupeeland.html
969,Catfish_Deyansu.html,are,Enemy,in,Freshly-Picked_Tingle%27s_Rosy_Rupeeland.html
970,Cave.html,are,Location,in,The_Legend_of_Zelda_(Series).html
971,Cave_of_Flames.html,is,Dungeon,in,The_Legend_of_Zelda__The_Minish_Cap.html
972,Cave_of_Flames.html,is,Dungeon,in,The_Legend_of_Zelda__The_Minish_Cap.html
973,Cave_of_No_Return.html,is,Location,from,The_Legend_of_Zelda__Four_Swords_Adventures.html
974,Cave_of_No_Return.html,is,Stage,of,Whereabouts_of_the_Wind.html
975,Cave_of_Ordeals.html,is,Dungeon,in,The_Legend_of_Zelda__Twilight_Princess.html
976,Caves.html,are,Location,in,The_Legend_of_Zelda_(Series).html
977,Cawlin's_Letter.html,is,Item,from,The_Legend_of_Zelda__Skyward_Sword.html
978,Cawlin's_Letter.html,is,Item,in,The_Legend_of_Zelda__Skyward_Sword.html
979,Cawlin.html,is,Character,from,The_Legend_of_Zelda__Skyward_Sword.html
980,Cawlin.html,is,Character,in,The_Legend_of_Zelda__Skyward_Sword.html
981,Cecili.html,is,Character,in,The_Legend_of_Zelda__Breath_of_the_Wild.html
982,Cecili.html,is,Character,in,The_Legend_of_Zelda__Breath_of_the_Wild.html
983,Cecilia.html,is,Character,in,The_Legend_of_Zelda__Breath_of_the_Wild.html
984,Celeeb.html,is,Location,in,The_Legend_of_Zelda__Twilight_Princess.html
985,Celessa.html,is,Character,from,The_Legend_of_Zelda__Breath_of_the_Wild.html
986,Celessa.html,is,Character,in,The_Legend_of_Zelda__Breath_of_the_Wild.html
987,Cemetery.html,is,Location,from,The_Legend_of_Zelda__Link%27s_Awakening.html
988,Cemetery.html,are,Location,in,The_Legend_of_Zelda_(Series).html
989,Central_Hyrule.html,is,Location,from,The_Legend_of_Zelda__Breath_of_the_Wild.html
990,Central_Hyrule_Tower.html,is,Location,in,The_Legend_of_Zelda__Breath_of_the_Wild.html
991,Central_Square.html,is,Location,from,The_Legend_of_Zelda__Breath_of_the_Wild.html
992,Central_Square.html,is,Location,in,The_Legend_of_Zelda__Twilight_Princess.html
993,Central_Tower.html,is,Location,in,The_Legend_of_Zelda__Breath_of_the_Wild.html
994,Cephla_Lake.html,is,Location,in,The_Legend_of_Zelda__Breath_of_the_Wild.html
995,Cephla_Lake.html,is,Location,in,The_Legend_of_Zelda__Breath_of_the_Wild.html
996,Ceremonial_Trident.html,is,Item,from,The_Legend_of_Zelda__Breath_of_the_Wild.html
997,Ceremonial_Troop.html,are,Group,of,Moblin.html
998,Chaas_Qeta.html,is,Character,from,The_Legend_of_Zelda__Breath_of_the_Wild.html
999,Chaas_Qeta_Shrine.html,is,Shrine,from,The_Legend_of_Zelda__Breath_of_the_Wild.html
1000,Chabi.html,is,Character,from,The_Legend_of_Zelda__Breath_of_the_Wild.html
1001,Chai.html,is,Character,from,The_Legend_of_Zelda__The_Minish_Cap.html
1002,Chain_Handrail.html,are,Object,in,The_Legend_of_Zelda__Phantom_Hourglass.html
1003,Chamber_of_Sages.html,is,Location,in,The_Legend_of_Zelda_series.html
1004,Chamber_of_the_Sword.html,is,Location,in,The_Legend_of_Zelda_(Series).html
1005,Chambers_of_Insight.html,is,Location,from,The_Legend_of_Zelda__Four_Swords.html
1006,Chambers_of_Insight.html,is,Stage,in,The_Legend_of_Zelda__Four_Swords.html
1007,Champion's_Gate.html,is,Location,from,The_Legend_of_Zelda__Breath_of_the_Wild.html
1008,Champion's_Gate.html,is,Location,in,The_Legend_of_Zelda__Breath_of_the_Wild.html
1009,Champion's_Gate_North.html,is,Location,from,The_Legend_of_Zelda__Breath_of_the_Wild.html
1010,Champion's_Tunic.html,is,Item,from,The_Legend_of_Zelda__Breath_of_the_Wild.html
1011,Chancellor_Cole.html,is,Character,from,The_Legend_of_Zelda__Spirit_Tracks.html
1012,Chancellor_Cole_(boss).html,is,Boss,from,The_Legend_of_Zelda__Spirit_Tracks.html
1013,Charles_of_Moria.html,is,Character,from,The_Shadow_Prince.html
1014,Charlo.html,is,Character,in,The_Legend_of_Zelda__Twilight_Princess.html
1015,Charred_Pepper.html,is,Item,in,The_Legend_of_Zelda__Breath_of_the_Wild.html
1016,Chaser.html,are,Enemy,in,The_Legend_of_Zelda_series.html
1017,Chasupa.html,are,Enemy,in,The_Legend_of_Zelda__A_Link_to_the_Past.html
1018,Chasupa.html,are,Enemy,in,The_Legend_of_Zelda_(Series).html
1019,Chateau_Romani.html,is,Item,from,The_Legend_of_Zelda__Majora%27s_Mask.html
1020,Chateau_Romani.html,is,Item,in,The_Legend_of_Zelda_(Series).html
1021,Cheetah_Costume.html,is,Item,from,The_Legend_of_Zelda__Tri_Force_Heroes.html
1022,Chef.html,is,Character,in,Freshly-Picked_Tingle%27s_Rosy_Rupeeland.html
1023,Chef_(Freshly-Picked_Tingle's_Rosy_Rupeeland).html,is,Character,from,Freshly-Picked_Tingle%27s_Rosy_Rupeeland.html
1024,Chef_Bear.html,is,Character,from,The_Legend_of_Zelda__Link%27s_Awakening.html
1025,Cherry.html,is,Character,in,The_Legend_of_Zelda__Breath_of_the_Wild.html
1026,Chessica.html,is,Character,from,The_Legend_of_Zelda__Breath_of_the_Wild.html
1027,Cheval's_Grave.html,is,Location,in,The_Legend_of_Zelda__Oracle_of_Ages.html
1028,Cheval's_Tomb.html,is,Location,in,The_Legend_of_Zelda__Oracle_of_Ages.html
1029,Cheval.html,is,Character,in,The_Legend_of_Zelda__Oracle_of_Ages.html
1030,Chickaloo_Tree_Nut.html,is,Item,from,The_Legend_of_Zelda__Breath_of_the_Wild.html
1031,Chief's_Diary.html,is,Item,from,The_Legend_of_Zelda__Breath_of_the_Wild.html
1032,Chiko's_Grandmother.html,is,Character,from,Freshly-Picked_Tingle%27s_Rosy_Rupeeland.html
1033,Chiko's_Mom.html,is,Character,in,Freshly-Picked_Tingle%27s_Rosy_Rupeeland.html
1034,Chiko's_Mum.html,is,Character,from,Freshly-Picked_Tingle%27s_Rosy_Rupeeland.html
1035,Chiko's_Mum.html,is,Character,in,Freshly-Picked_Tingle%27s_Rosy_Rupeeland.html
1036,Chiko.html,is,Character,from,Freshly-Picked_Tingle%27s_Rosy_Rupeeland.html
1037,Children_of_the_Moon.html,are,Character,in,The_Legend_of_Zelda__Majora%27s_Mask.html
1038,Chilfos.html,are,Enemy,in,The_Legend_of_Zelda__Twilight_Princess.html
1039,Chillfin_Trout.html,is,Item,from,The_Legend_of_Zelda__Breath_of_the_Wild.html
1040,Chillshroom.html,are,Item,from,The_Legend_of_Zelda__Breath_of_the_Wild.html
1041,Chillshroom.html,are,Item,in,The_Legend_of_Zelda__Breath_of_the_Wild.html
1042,Chilly_Elixir.html,is,Item,from,The_Legend_of_Zelda__Breath_of_the_Wild.html
1043,Chimney.html,are,Object,in,The_Legend_of_Zelda__Phantom_Hourglass.html
1044,Chio.html,is,Character,from,The_Legend_of_Zelda__Breath_of_the_Wild.html
1045,Chio.html,is,Character,in,The_Legend_of_Zelda__Breath_of_the_Wild.html
1046,Chiruta.html,is,Character,from,The_Legend_of_Zelda__The_Minish_Cap_(Himekawa).html
1047,Chorak.html,is,Character,in,The_Legend_of_Zelda__Breath_of_the_Wild.html
1048,Chork.html,is,Character,from,The_Legend_of_Zelda__Breath_of_the_Wild.html
1049,Chork.html,is,Character,in,The_Legend_of_Zelda__Breath_of_the_Wild.html
1050,Chris_Houlihan.html,is,Character,from,The_Legend_of_Zelda__A_Link_to_the_Past.html
1051,Christine.html,is,Character,from,The_Legend_of_Zelda__Link%27s_Awakening.html
1052,Christine.html,is,Character,in,The_Legend_of_Zelda__Link%27s_Awakening.html
1053,ChuChu.html,are,Enemy,in,The_Legend_of_Zelda_series.html
1054,Chu_Chu.html,are,Enemy,in,The_Legend_of_Zelda_series.html
1055,Chu_Jelly.html,is,Item,in,The_Legend_of_Zelda_series.html
1056,Chu_Jelly.html,is,Item,in,The_Legend_of_Zelda_(Series).html
1057,Chu_Jelly_Juice_Shop.html,is,Shop,from,The_Legend_of_Zelda__The_Wind_Waker.html
1058,Chu_Jelly_Juice_Shop.html,is,Location,in,The_Legend_of_Zelda__The_Wind_Waker.html
1059,Chu_Rat.html,are,Enemy,in,The_Legend_of_Zelda_(Series).html
1060,Chu_Worm.html,are,Enemy,in,The_Legend_of_Zelda__Twilight_Princess.html
1061,Chuchu_Jelly.html,is,Item,from,The_Legend_of_Zelda__Breath_of_the_Wild.html
1062,Chudley.html,is,Character,in,The_Legend_of_Zelda__Twilight_Princess.html
1063,Chumin.html,is,Character,from,The_Legend_of_Zelda__Breath_of_the_Wild.html
1064,Chumin.html,is,Character,in,The_Legend_of_Zelda__Breath_of_the_Wild.html
1065,Ciela.html,is,Character,from,The_Legend_of_Zelda__Phantom_Hourglass.html
1066,Cima.html,is,Character,from,The_Legend_of_Zelda__Breath_of_the_Wild.html
1067,Circus_Leader's_Mask.html,is,Item,in,The_Legend_of_Zelda__Majora%27s_Mask.html
1068,City_in_the_Sky.html,is,Dungeon,in,The_Legend_of_Zelda__Twilight_Princess.html
1069,Claim_Check.html,is,Item,from,The_Legend_of_Zelda__Ocarina_of_Time.html
1070,Claree.html,is,Character,in,The_Legend_of_Zelda__Breath_of_the_Wild.html
1071,Claree.html,is,Character,in,The_Legend_of_Zelda__Breath_of_the_Wild.html
1072,Clarnet_Coast.html,is,Location,from,The_Legend_of_Zelda__Breath_of_the_Wild.html
1073,Classified_Envelope.html,is,Item,in,The_Legend_of_Zelda__Breath_of_the_Wild.html
1074,Classified_Envelope.html,is,Item,in,The_Legend_of_Zelda__Breath_of_the_Wild.html
1075,Clavia.html,is,Character,from,The_Legend_of_Zelda__Breath_of_the_Wild.html
1076,Clawshots.html,are,Item,in,The_Legend_of_Zelda_series.html
1077,Cleaning_Man.html,is,Character,during,The_Legend_of_Zelda__Skyward_Sword.html
1078,Cleaning_Man.html,was,Character,during,The_Legend_of_Zelda__Skyward_Sword.html
1079,Cleff.html,is,Character,in,The_Legend_of_Zelda__Breath_of_the_Wild.html
1080,Cliff_Plateau_Isles.html,are,Location,from,The_Legend_of_Zelda__The_Wind_Waker.html
1081,Cliffs_of_Quince.html,are,Location,in,The_Legend_of_Zelda__Breath_of_the_Wild.html
1082,Cliffs_of_Quince.html,are,Location,in,The_Legend_of_Zelda__Breath_of_the_Wild.html
1083,Cliffs_of_Ruvara.html,are,Location,in,The_Legend_of_Zelda__Breath_of_the_Wild.html
1084,Cliffs_of_Ruvara.html,are,Location,in,The_Legend_of_Zelda__Breath_of_the_Wild.html
1085,Cliffside_Etchings.html,is,Quest,in,The_Legend_of_Zelda__Breath_of_the_Wild.html
1086,Climber's_Bandanna.html,is,Item,from,The_Legend_of_Zelda__Breath_of_the_Wild.html
1087,Climber's_Bandanna.html,is,Item,in,The_Legend_of_Zelda__Breath_of_the_Wild.html
1088,Climbing_Boots.html,is,Item,in,The_Legend_of_Zelda__Breath_of_the_Wild.html
1089,Climbing_Boots.html,are,Item,in,The_Legend_of_Zelda__Breath_of_the_Wild.html
1090,Climbing_Gear.html,is,Item,in,The_Legend_of_Zelda__Breath_of_the_Wild.html
1091,Climbing_Gear.html,is,Item,in,The_Legend_of_Zelda__Breath_of_the_Wild.html
1092,Climbing_Path_Trailhead.html,is,Location,in,The_Legend_of_Zelda__Breath_of_the_Wild.html
1093,Clock.html,is,Item,from,The_Legend_of_Zelda.html
1094,Clock.html,are,Item,in,The_Legend_of_Zelda_(Series).html
1095,Clock_Soldiers.html,are,Character,from,The_Legend_of_Zelda__Ocarina_of_Time.html
1096,Clock_Tower.html,is,Location,from,The_Legend_of_Zelda__Majora%27s_Mask.html
1097,Clock_Town.html,is,Location,in,The_Legend_of_Zelda__Majora%27s_Mask.html
1098,Clock_Town_Bank.html,is,Shop,in,The_Legend_of_Zelda__Majora%27s_Mask.html
1099,Clock_Town_Bank.html,is,Location,in,The_Legend_of_Zelda__Majora%27s_Mask.html
1100,Cloud_Barrier.html,is,Object,from,Hyrule.html#The_Legend_of_Zelda:_Skyward_Sword
1101,Cloud_Tops.html,is,Location,from,The_Legend_of_Zelda__The_Minish_Cap.html
1102,Cloyne.html,is,Character,from,The_Legend_of_Zelda__Breath_of_the_Wild.html
1103,Club_Moblin.html,are,Enemy,from,The_Legend_of_Zelda__Ocarina_of_Time.html
1104,Clutch.html,are,Enemy,in,The_Legend_of_Zelda_(Series).html
1105,Cobal.html,is,Character,from,The_Legend_of_Zelda__Skyward_Sword.html
1106,Cobal.html,is,Character,in,The_Legend_of_Zelda__Skyward_Sword.html
1107,Cobble_Crusher.html,is,Item,from,The_Legend_of_Zelda__Breath_of_the_Wild.html
1108,Cobweb_Tights.html,are,Item,from,Freshly-Picked_Tingle%27s_Rosy_Rupeeland.html
1109,Coffin.html,are,Item,in,The_Legend_of_Zelda_series.html
1110,Cojiro.html,is,Item,from,The_Legend_of_Zelda__Ocarina_of_Time.html
1111,Cold_Darner.html,are,Item,from,The_Legend_of_Zelda__Breath_of_the_Wild.html
1112,Cold_Safflina.html,is,Item,from,The_Legend_of_Zelda__Breath_of_the_Wild.html
1113,Coldsnap_Hollow.html,is,Location,in,The_Legend_of_Zelda__Breath_of_the_Wild.html
1114,Colin.html,is,Character,in,The_Legend_of_Zelda__Twilight_Princess.html
1115,Coliseum_Ruins.html,is,Location,from,The_Legend_of_Zelda__Breath_of_the_Wild.html
1116,Coliseum_Ruins.html,are,Location,in,The_Legend_of_Zelda__Breath_of_the_Wild.html
1117,Collaboration__Xenoblade_Chronicles_2.html,is,Quest,from,The_Legend_of_Zelda__Breath_of_the_Wild.html
1118,Color-Changing_Gel.html,are,Enemy,in,The_Legend_of_Zelda_(Series).html
1119,Color_Dungeon.html,is,Dungeon,from,The_Legend_of_Zelda__Link%27s_Awakening.html#The_Legend_of_Zelda:_Link.27s_Awakening_DX
1120,Colosseum_Ruins.html,is,Location,in,The_Legend_of_Zelda__Breath_of_the_Wild.html
1121,Command_Melody.html,is,Song,from,The_Legend_of_Zelda__Twilight_Princess.html
1122,Compass.html,is,Item,in,The_Legend_of_Zelda_series.html
1123,Compass.html,is,Item,in,The_Legend_of_Zelda_(Series).html
1124,Compass_of_Light.html,is,Item,from,The_Legend_of_Zelda__Spirit_Tracks.html
1125,Composer_Brothers.html,are,Group,in,The_Legend_of_Zelda_series.html
1126,Conch_Horn.html,is,Item,in,The_Legend_of_Zelda__Link%27s_Awakening.html
1127,Conning_Tower.html,are,Object,in,The_Legend_of_Zelda__Phantom_Hourglass.html
1128,Controller_Troop.html,are,Group,of,Stalmaster.html
1129,Cooking_with_Koko.html,is,Quest,in,The_Legend_of_Zelda__Breath_of_the_Wild.html
1130,Cool_Safflina.html,is,Item,from,The_Legend_of_Zelda__Breath_of_the_Wild.html
1131,Copious_Fish_Skewers.html,is,Item,from,The_Legend_of_Zelda__Breath_of_the_Wild.html
1132,Copious_Fried_Wild_Greens.html,is,Item,from,The_Legend_of_Zelda__Breath_of_the_Wild.html
1133,Copious_Meat_Skewers.html,is,Item,from,The_Legend_of_Zelda__Breath_of_the_Wild.html
1134,Copious_Mushroom_Skewers.html,is,Item,from,The_Legend_of_Zelda__Breath_of_the_Wild.html
1135,Copious_Mushrooms_Skewers.html,is,Item,from,The_Legend_of_Zelda__Breath_of_the_Wild.html
1136,Copious_Simmered_Fruit.html,is,Item,from,The_Legend_of_Zelda__Breath_of_the_Wild.html
1137,Coppie.html,are,Enemy,in,The_Legend_of_Zelda_(Series).html
1138,Cora_Lake.html,is,Location,from,The_Legend_of_Zelda__Breath_of_the_Wild.html
1139,Coral_Earring.html,is,Item,in,The_Legend_of_Zelda__Twilight_Princess.html
1140,Coral_Lure.html,is,Item,in,The_Legend_of_Zelda__Twilight_Princess.html
1141,Coral_Reef.html,is,Shop,from,The_Legend_of_Zelda__Breath_of_the_Wild.html
1142,Coral_Triangle.html,is,Item,in,The_Legend_of_Zelda__Link%27s_Awakening.html
1143,Coro's_Lantern_Shop.html,is,Shop,in,The_Legend_of_Zelda__Twilight_Princess.html
1144,Coro.html,is,Character,in,The_Legend_of_Zelda__Twilight_Princess.html
1145,Corta_Lake.html,is,Location,from,The_Legend_of_Zelda__Breath_of_the_Wild.html
1146,Corvash_Peak.html,is,Location,in,The_Legend_of_Zelda__Breath_of_the_Wild.html
1147,Cotera.html,is,Character,from,The_Legend_of_Zelda__Breath_of_the_Wild.html
1148,Cotera.html,is,Character,in,The_Legend_of_Zelda__Breath_of_the_Wild.html
1149,Cottla.html,is,Character,from,The_Legend_of_Zelda__Breath_of_the_Wild.html
1150,Council_of_Elders.html,is,Group,of,Zora.html
1151,Couple's_Mask.html,is,Item,in,The_Legend_of_Zelda__Majora%27s_Mask.html
1152,Courage_Steppe.html,is,Location,from,The_Legend_of_Zelda__Breath_of_the_Wild.html
1153,Courser_Bee_Honey.html,is,Item,from,The_Legend_of_Zelda__Breath_of_the_Wild.html
1154,Courser_Bee_Honey.html,is,Item,in,The_Legend_of_Zelda__Breath_of_the_Wild.html
1155,Crab_Omelet_with_Rice.html,is,Item,from,The_Legend_of_Zelda__Breath_of_the_Wild.html
1156,Crab_Risotto.html,is,Item,from,The_Legend_of_Zelda__Breath_of_the_Wild.html
1157,Crab_Stir-Fry.html,is,Item,from,The_Legend_of_Zelda__Breath_of_the_Wild.html
1158,Crackling_Ocarina.html,are,Item,in,The_Legend_of_Zelda_(Series).html
1159,Craftsman.html,is,Character,from,The_Legend_of_Zelda__A_Link_Between_Worlds.html
1160,Craftsman.html,is,Character,in,Blacksmith_(A_Link_Between_Worlds).html
1161,Cragma.html,is,Boss,in,Fire_Temple_(Spirit_Tracks).html
1162,Cranioc.html,are,Enemy,from,The_Legend_of_Zelda__Skyward_Sword.html
1163,Cranioc.html,are,Enemy,in,The_Legend_of_Zelda__Skyward_Sword.html
1164,Crate.html,are,Object,in,The_Legend_of_Zelda_(Series).html
1165,Crater_Cove.html,is,Location,in,Link__The_Faces_of_Evil.html
1166,Crazy_Tracy's_Health_Spa.html,is,Location,from,The_Legend_of_Zelda__Link%27s_Awakening.html
1167,Crazy_Tracy's_Health_Spa.html,is,Character,in,The_Legend_of_Zelda__Link%27s_Awakening.html
1168,Crazy_Tracy.html,is,Character,from,The_Legend_of_Zelda__Link%27s_Awakening.html
1169,Crazy_Tracy.html,is,Character,in,The_Legend_of_Zelda__Link%27s_Awakening.html
1170,Crazy_Yook.html,is,Character,from,The_Legend_of_Zelda__Phantom_Hourglass.html
1171,Cream_of_Mushroom_Soup.html,is,Item,from,The_Legend_of_Zelda__Breath_of_the_Wild.html
1172,Cream_of_Vegetable_Soup.html,is,Item,from,The_Legend_of_Zelda__Breath_of_the_Wild.html
1173,Creamy_Heart_Soup.html,is,Item,from,The_Legend_of_Zelda__Breath_of_the_Wild.html
1174,Creamy_Meat_Soup.html,is,Item,from,The_Legend_of_Zelda__Breath_of_the_Wild.html
1175,Creamy_Seafood_Soup.html,is,Item,from,The_Legend_of_Zelda__Breath_of_the_Wild.html
1176,Cree.html,is,Character,from,The_Legend_of_Zelda__Breath_of_the_Wild.html
1177,Cremia's_Carriage.html,is,Object,from,The_Legend_of_Zelda__Majora%27s_Mask.html
1178,Cremia.html,is,Character,from,The_Legend_of_Zelda__Ocarina_of_Time.html
1179,Cremia.html,is,Character,in,The_Legend_of_Zelda__Majora%27s_Mask.html
1180,Crenel_Bean.html,are,Item,from,The_Legend_of_Zelda__The_Minish_Cap.html
1181,Crenel_Bean.html,are,Object,in,The_Legend_of_Zelda__The_Minish_Cap.html
1182,Crenel_Hermit.html,is,Character,from,The_Legend_of_Zelda__The_Minish_Cap.html
1183,Crenel_Hills.html,are,Location,from,The_Legend_of_Zelda__Breath_of_the_Wild.html
1184,Crenel_Hot_Spring_Water.html,is,Item,in,The_Legend_of_Zelda_(Series).html
1185,Crenel_Peak.html,is,Location,from,The_Legend_of_Zelda__Breath_of_the_Wild.html
1186,Crescent_Moon_Island.html,is,Location,from,The_Legend_of_Zelda__The_Wind_Waker.html
1187,Crimson_Dye.html,are,Object,in,The_Legend_of_Zelda__Breath_of_the_Wild.html
1188,Crimson_Loftwing.html,is,Character,from,The_Legend_of_Zelda__Skyward_Sword.html
1189,Croissant.html,are,Item,from,The_Legend_of_Zelda__The_Minish_Cap.html
1190,Crone.html,is,Character,in,Link__The_Faces_of_Evil.html
1191,Croo.html,is,Character,from,The_Legend_of_Zelda__Skyward_Sword.html
1192,Croo.html,is,Character,in,Bazaar_(Skyward_Sword).html
1193,Cross.html,is,Item,from,Zelda_II__The_Adventure_of_Link.html
1194,Cross.html,is,Item,in,Zelda_II__The_Adventure_of_Link.html
1195,Crossbow.html,is,Item,in,The_Legend_of_Zelda_(Series).html
1196,Crossbows.html,is,Item,in,The_Legend_of_Zelda_(Series).html
1197,Crow.html,are,Enemy,in,The_Legend_of_Zelda__A_Link_to_the_Past.html
1198,Crow_(Enemy).html,are,Enemy,in,The_Legend_of_Zelda__A_Link_to_the_Past.html
1199,Crown_Bottle_Cap.html,is,Item,from,Freshly-Picked_Tingle%27s_Rosy_Rupeeland.html
1200,Cryonis_Rune.html,is,Item,from,The_Legend_of_Zelda__Breath_of_the_Wild.html
1201,Crystal.html,are,Item,in,The_Legend_of_Zelda_series.html
1202,Crystal.html,are,Object,in,The_Legend_of_Zelda_(Series).html
1203,Crystal_Ball.html,is,Item,in,The_Legend_of_Zelda__Skyward_Sword.html
1204,Cubus_Sisters.html,are,Boss,in,The_Legend_of_Zelda__Phantom_Hourglass.html
1205,Cucco_Chick.html,are,Character,in,The_Legend_of_Zelda_series.html
1206,Cucco_Girl.html,is,Character,from,The_Legend_of_Zelda__A_Link_Between_Worlds.html
1207,Cucco_Girl.html,is,Character,in,The_Legend_of_Zelda__A_Link_Between_Worlds.html
1208,Cucco_Keeper.html,is,Character,in,The_Legend_of_Zelda__Link%27s_Awakening.html
1209,Cucco_Lady.html,is,Character,in,The_Legend_of_Zelda__Ocarina_of_Time.html
1210,Cucco_Ranch.html,is,Location,from,The_Legend_of_Zelda__A_Link_Between_Worlds.html
1211,Cucco_Salesman.html,is,Character,from,The_Legend_of_Zelda__Spirit_Tracks.html
1212,Cucco_Shack.html,is,Location,from,The_Legend_of_Zelda__Majora%27s_Mask.html
1213,Cucco_Shack.html,is,Location,in,The_Legend_of_Zelda__Majora%27s_Mask.html
1214,Cuho_Mountain.html,is,Location,in,The_Legend_of_Zelda__Breath_of_the_Wild.html
1215,Cuho_Mountain.html,is,Location,in,The_Legend_of_Zelda__Breath_of_the_Wild.html
1216,Cukeman.html,is,Enemy,in,The_Legend_of_Zelda_(Series).html
1217,Cukemen.html,is,Enemy,in,The_Legend_of_Zelda_(Series).html
1218,Curiosity_Shop.html,is,Shop,from,The_Legend_of_Zelda__Majora%27s_Mask.html
1219,Curiosity_Shop_Back_Room.html,is,Location,in,The_Legend_of_Zelda__Majora%27s_Mask.html
1220,Curiosity_Shop_Guy.html,is,Character,in,The_Legend_of_Zelda__Majora%27s_Mask.html
1221,Curiosity_Shop_Owner.html,is,Character,from,The_Legend_of_Zelda__Majora%27s_Mask.html
1222,Curry_Pilaf.html,is,Item,from,The_Legend_of_Zelda__Breath_of_the_Wild.html
1223,Curry_Rice.html,is,Item,from,The_Legend_of_Zelda__Breath_of_the_Wild.html
1224,Curry_for_What_Ails_You.html,is,Quest,from,The_Legend_of_Zelda__Breath_of_the_Wild.html
1225,Cursed_Fairy.html,is,Character,in,The_Legend_of_Zelda__A_Link_to_the_Past.html
1226,Cursed_Lizalfos.html,are,Enemy,from,Dungeon.html#The_Legend_of_Zelda:_Breath_of_the_Wild
1227,Cursed_Man.html,is,Character,in,The_Legend_of_Zelda__Ocarina_of_Time.html
1228,Cursed_Medal.html,is,Item,from,The_Legend_of_Zelda__Skyward_Sword.html
1229,Cursed_Medal.html,are,Item,in,The_Legend_of_Zelda_(Series).html
1230,Cursed_Moblin.html,are,Enemy,in,The_Legend_of_Zelda__A_Link_to_the_Past.html
1231,Cursed_Ring.html,are,Item,in,The_Legend_of_Zelda__Oracle_of_Ages.html
1232,Cursed_Spume.html,are,Enemy,in,The_Legend_of_Zelda__Skyward_Sword.html
1233,Cursed_Tights.html,are,Item,from,The_Legend_of_Zelda__Tri_Force_Heroes.html
1234,Curtain.html,are,Object,in,The_Legend_of_Zelda_series.html
1235,Curtain_of_Twilight.html,is,Location,in,Twilight.html
1236,Customer.html,is,Character,in,The_Legend_of_Zelda__A_Link_Between_Worlds.html
1237,Cyclok.html,is,Boss,of,Temple_of_Wind.html
1238,Cyclok.html,is,Boss,in,The_Legend_of_Zelda__Phantom_Hourglass.html
1239,Cyclone.html,are,Object,in,The_Legend_of_Zelda_series.html
1240,Cyclone.html,is,Object,in,The_Legend_of_Zelda__Phantom_Hourglass.html
1241,Cyclone_Slate.html,is,Item,from,The_Legend_of_Zelda__Phantom_Hourglass.html
1242,Cyclone_Slate.html,is,Item,in,The_Legend_of_Zelda__Phantom_Hourglass.html
1243,Cyclops_Reef.html,is,Location,from,The_Legend_of_Zelda__The_Wind_Waker.html
1244,Cyclos.html,is,Character,from,The_Legend_of_Zelda__The_Wind_Waker.html
1245,Cyclos.html,is,Character,in,The_Legend_of_Zelda__The_Wind_Waker.html
1246,Cylos.html,is,Character,in,The_Legend_of_Zelda__Phantom_Hourglass.html
1247,Daag_Chokah.html,is,Character,from,The_Legend_of_Zelda__Breath_of_the_Wild.html
1248,Daag_Chokah_Shrine.html,is,Shrine,from,The_Legend_of_Zelda__Breath_of_the_Wild.html
1249,Dabi.html,is,Character,from,The_Legend_of_Zelda__Breath_of_the_Wild.html
1250,Dacto.html,are,Enemy,in,The_Legend_of_Zelda_series.html
1251,Dacto.html,are,Enemy,in,The_Legend_of_Zelda_(Series).html
1252,Dagah_Keek.html,is,Character,from,The_Legend_of_Zelda__Breath_of_the_Wild.html
1253,Dagah_Keek_Shrine.html,is,Shrine,from,The_Legend_of_Zelda__Breath_of_the_Wild.html
1254,Dagah_Keek_Shrine.html,is,Shrine,in,The_Legend_of_Zelda__Breath_of_the_Wild.html
1255,Dagtail.html,is,Boss,from,The_Legend_of_Zelda__Four_Swords_Adventures.html
1256,Dah_Hesho.html,is,Character,from,The_Legend_of_Zelda__Breath_of_the_Wild.html
1257,Dah_Hesho_Shrine.html,is,Shrine,from,The_Legend_of_Zelda__Breath_of_the_Wild.html
1258,Dah_Hesho_Shrine.html,is,Shrine,in,The_Legend_of_Zelda__Breath_of_the_Wild.html
1259,Dah_Kaso.html,is,Character,from,The_Legend_of_Zelda__Breath_of_the_Wild.html
1260,Dah_Kaso_Shrine.html,is,Shrine,from,The_Legend_of_Zelda__Breath_of_the_Wild.html
1261,Dai.html,is,Character,from,The_Legend_of_Zelda__Breath_of_the_Wild.html
1262,Dai.html,is,Character,in,The_Legend_of_Zelda__Breath_of_the_Wild.html
1263,Daily_Riches.html,is,Shop,in,Hytopia.html
1264,Daira.html,are,Enemy,in,The_Legend_of_Zelda_series.html
1265,Daka_Tuss.html,is,Character,from,The_Legend_of_Zelda__Breath_of_the_Wild.html
1266,Dako_Tah.html,is,Character,from,The_Legend_of_Zelda__Breath_of_the_Wild.html
1267,Dako_Tah_Shrine.html,is,Shrine,from,The_Legend_of_Zelda__Breath_of_the_Wild.html
1268,Dalia.html,is,Character,in,The_Legend_of_Zelda__Breath_of_the_Wild.html
1269,Dalia.html,is,Character,in,The_Legend_of_Zelda__Breath_of_the_Wild.html
1270,Dalite_Forest.html,is,Location,from,The_Legend_of_Zelda__Breath_of_the_Wild.html
1271,Daltus.html,is,Character,in,The_Legend_of_Zelda__The_Minish_Cap.html
1272,Damel_Forest.html,is,Location,in,The_Legend_of_Zelda__Breath_of_the_Wild.html
1273,Damia.html,is,Character,in,The_Legend_of_Zelda__Breath_of_the_Wild.html
1274,Damia.html,is,Character,in,The_Legend_of_Zelda__Breath_of_the_Wild.html
1275,Dampa.html,is,Character,from,The_Legend_of_Zelda__The_Wind_Waker.html
1276,Dampa.html,is,Character,in,The_Legend_of_Zelda__The_Wind_Waker.html
1277,Dampa_the_Sailor.html,is,Character,in,The_Legend_of_Zelda__The_Wind_Waker.html
1278,DampÇ's_Diary.html,is,Object,in,The_Legend_of_Zelda__Ocarina_of_Time.html
1279,DampÇ's_Grave.html,is,Location,from,The_Legend_of_Zelda__Ocarina_of_Time.html
1280,DampÇ's_Grave.html,is,Location,in,The_Legend_of_Zelda__Ocarina_of_Time.html
1281,DampÇ's_Shack.html,is,Location,in,The_Legend_of_Zelda_(Series).html
1282,DampÇ.html,is,Character,in,The_Legend_of_Zelda_series.html
1283,Dance_Hall.html,is,Location,in,The_Legend_of_Zelda__Oracle_of_Seasons.html
1284,Dancing_Dragon_Dungeon.html,is,Dungeon,in,The_Legend_of_Zelda__Oracle_of_Seasons.html
1285,Danda.html,is,Character,in,The_Legend_of_Zelda__Breath_of_the_Wild.html
1286,Danda.html,is,Character,in,The_Legend_of_Zelda__Breath_of_the_Wild.html
1287,Dangoro.html,is,Boss,in,The_Legend_of_Zelda__Twilight_Princess.html
1288,Danton.html,is,Character,in,The_Legend_of_Zelda__Breath_of_the_Wild.html
1289,Danton.html,is,Character,in,The_Legend_of_Zelda__Breath_of_the_Wild.html
1290,Dantz.html,is,Character,from,The_Legend_of_Zelda__Breath_of_the_Wild.html
1291,Daphnes.html,is,Character,in,The_Legend_of_Zelda_(Series).html
1292,Daphnes_Nohansen_Hyrule%2FHyrule_Warriors.html,is,Character,from,../Toon_Link/Hyrule_Warriors.html
1293,Daphnes_Nohansen_Hyrule.html,is,Character,from,The_Legend_of_Zelda__The_Wind_Waker.html
1294,Daphnes_Nohansen_Hyrule.html,is,Character,in,The_Legend_of_Zelda_(Series).html
1295,Dapper_Spinner_Kit.html,is,Item,from,The_Legend_of_Zelda__Tri_Force_Heroes.html
1296,Daqa_Koh.html,is,Character,from,The_Legend_of_Zelda__Breath_of_the_Wild.html
1297,Daqa_Koh_Shrine.html,is,Shrine,from,The_Legend_of_Zelda__Breath_of_the_Wild.html
1298,Daqa_Koh_Shrine.html,is,Shrine,in,The_Legend_of_Zelda__Breath_of_the_Wild.html
1299,Daqo_Chisay.html,is,Character,from,The_Legend_of_Zelda__Breath_of_the_Wild.html
1300,Daqo_Chisay_Shrine.html,is,Shrine,from,The_Legend_of_Zelda__Breath_of_the_Wild.html
1301,Darb_Pond.html,is,Location,in,The_Legend_of_Zelda__Breath_of_the_Wild.html
1302,Darb_Pond.html,is,Location,in,The_Legend_of_Zelda__Breath_of_the_Wild.html
1303,Darbus.html,is,Character,in,The_Legend_of_Zelda__Twilight_Princess.html
1304,Dark_Aeralfos.html,are,Enemy,in,The_Legend_of_Zelda_(Series).html
1305,Dark_Beast_Ganon.html,is,Boss,in,Princess_Zelda.html
1306,Dark_Beast_Ganon.html,is,Boss,in,The_Legend_of_Zelda_(Series).html
1307,Dark_Force.html,are,Group,in,Hyrule_Warriors.html
1308,Dark_Forces.html,are,Group,in,Hyrule_Warriors.html
1309,Dark_Hood.html,is,Item,from,The_Legend_of_Zelda__Breath_of_the_Wild.html
1310,Dark_Hood.html,is,Item,in,The_Legend_of_Zelda__Breath_of_the_Wild.html
1311,Dark_Hyrule_Castle.html,is,Dungeon,in,The_Legend_of_Zelda__The_Minish_Cap.html
1312,Dark_Keese.html,are,Enemy,from,The_Legend_of_Zelda__Skyward_Sword.html
1313,Dark_Keese.html,are,Enemy,in,The_Legend_of_Zelda__Skyward_Sword.html
1314,Dark_Link_(Ocarina_of_Time).html,is,Dungeon,in,The_Legend_of_Zelda__Ocarina_of_Time.html
1315,Dark_Link_(The_Adventure_of_Link).html,is,Boss,in,Zelda_II__The_Adventure_of_Link.html
1316,Dark_Links_(A_Link_to_the_Past).html,are,Boss,of,Palace_of_the_Four_Sword.html
1317,Dark_Links_(Tri_Force_Heroes).html,are,Boss,of,Den_of_Trials.html
1318,Dark_Lizalfos.html,are,Enemy,in,The_Legend_of_Zelda_series.html
1319,Dark_Lizalfos.html,are,Enemy,in,The_Legend_of_Zelda_(Series).html
1320,Dark_Mirror.html,is,Item,from,The_Legend_of_Zelda__Twilight_Princess.html
1321,Dark_Mirror.html,is,Object,in,The_Legend_of_Zelda__Four_Swords_Adventures.html
1322,Dark_Moblin.html,are,Enemy,in,The_Legend_of_Zelda__A_Link_to_the_Past.html
1323,Dark_Nyuudou.html,are,Enemy,in,Freshly-Picked_Tingle%27s_Rosy_Rupeeland.html
1324,Dark_Ore.html,is,Item,from,The_Legend_of_Zelda__Spirit_Tracks.html
1325,Dark_Ore.html,is,Item,in,The_Legend_of_Zelda__Spirit_Tracks.html
1326,Dark_Ore_Mine.html,is,Location,from,The_Legend_of_Zelda__Spirit_Tracks.html
1327,Dark_Ore_Mine.html,is,Location,in,The_Legend_of_Zelda__Spirit_Tracks.html
1328,Dark_Ore_Salesman.html,is,Character,from,The_Legend_of_Zelda__Spirit_Tracks.html
1329,Dark_Palace.html,is,Dungeon,from,The_Legend_of_Zelda__A_Link_Between_Worlds.html
1330,Dark_Pearl_Loop.html,are,Item,in,The_Legend_of_Zelda_(Series).html
1331,Dark_Realm.html,is,Location,from,The_Legend_of_Zelda__Spirit_Tracks.html
1332,Dark_Ruins.html,is,Location,in,The_Legend_of_Zelda__A_Link_Between_Worlds.html
1333,Dark_Train.html,are,Enemy,from,The_Legend_of_Zelda__Spirit_Tracks.html
1334,Dark_Train.html,are,Enemy,in,The_Legend_of_Zelda__Spirit_Tracks.html
1335,Dark_Trousers.html,are,Item,from,The_Legend_of_Zelda__Breath_of_the_Wild.html
1336,Dark_Trousers.html,is,Item,in,The_Legend_of_Zelda__Breath_of_the_Wild.html
1337,Dark_Tunic.html,is,Item,from,The_Legend_of_Zelda__Breath_of_the_Wild.html
1338,Dark_Tunic.html,is,Item,in,The_Legend_of_Zelda__Breath_of_the_Wild.html
1339,Dark_World_Portal.html,are,Object,from,The_Legend_of_Zelda__A_Link_to_the_Past.html
1340,Dark_Zant.html,is,Character,in,Hyrule_Warriors_Legends.html
1341,Darkfire_Hammer.html,is,Item,in,The_Legend_of_Zelda_(Series).html
1342,Darklight_Mirror.html,is,Item,in,The_Legend_of_Zelda_(Series).html
1343,Darknut_Prime.html,is,Character,by,The_Legend_of_Zelda_comics.html
1344,Darknut_Prime.html,is,Character,by,Valiant_Comics.html
1345,Darknut_Sword.html,are,Sword,from,The_Legend_of_Zelda__The_Wind_Waker.html
1346,Darmani.html,is,Character,from,The_Legend_of_Zelda__Majora%27s_Mask.html
1347,Darmani.html,is,Character,in,The_Legend_of_Zelda__Majora%27s_Mask.html
1348,Darmani_III.html,is,Character,in,The_Legend_of_Zelda__Majora%27s_Mask.html
1349,Darmani_the_Third.html,is,Character,from,The_Legend_of_Zelda__Majora%27s_Mask.html
1350,Darpa.html,is,Character,in,The_Legend_of_Zelda__Twilight_Princess_(Himekawa).html
1351,Darton.html,is,Character,from,The_Legend_of_Zelda__Breath_of_the_Wild.html
1352,Daruk's_Protection.html,is,Item,from,The_Legend_of_Zelda__Breath_of_the_Wild.html
1353,Daruk's_Training_Journal.html,is,Item,from,The_Legend_of_Zelda__Breath_of_the_Wild.html
1354,Daruk.html,is,Character,in,Princess_Zelda.html#The_Legend_of_Zelda:_Breath_of_the_Wild
1355,Daruk.html,is,Character,in,The_Legend_of_Zelda__Breath_of_the_Wild.html
1356,Darunia.html,is,Character,from,The_Legend_of_Zelda__Ocarina_of_Time.html
1357,Darunia_Lake.html,is,Location,from,The_Legend_of_Zelda__Breath_of_the_Wild.html
1358,Darunia_Lake.html,is,Location,in,The_Legend_of_Zelda__Breath_of_the_Wild.html
1359,Darybon_Plains.html,are,Location,in,The_Legend_of_Zelda__Breath_of_the_Wild.html
1360,Dating_Woman.html,is,Character,in,The_Legend_of_Zelda__Spirit_Tracks.html
1361,Dauntless.html,is,Character,in,The_Legend_of_Zelda__Breath_of_the_Wild.html
1362,Daval_Peak.html,is,Location,in,The_Legend_of_Zelda__Breath_of_the_Wild.html
1363,Daval_Peak.html,is,Location,in,The_Legend_of_Zelda__Breath_of_the_Wild.html
1364,Davdi_Island.html,is,Location,from,The_Legend_of_Zelda__Breath_of_the_Wild.html
1365,Dave.html,is,Character,from,Chef_(Freshly-Picked_Tingle%27s_Rosy_Rupeeland).html
1366,David_Jr.html,is,Character,in,The_Legend_of_Zelda_series.html
1367,David_Jr.html,are,Character,in,The_Legend_of_Zelda__Four_Swords_Adventures.html
1368,Daybreaker.html,is,Item,in,The_Legend_of_Zelda__Breath_of_the_Wild.html
1369,Dayflies.html,are,Item,in,The_Legend_of_Zelda_(Series).html
1370,Dayto.html,is,Character,from,The_Legend_of_Zelda__Breath_of_the_Wild.html
1371,Dayto.html,is,Character,in,The_Legend_of_Zelda__Breath_of_the_Wild.html
1372,Daz.html,is,Character,from,The_Legend_of_Zelda__Breath_of_the_Wild.html
1373,Daz.html,is,Character,in,The_Legend_of_Zelda__Breath_of_the_Wild.html
1374,Dazzle_Lyphos.html,is,Character,from,Freshly-Picked_Tingle%27s_Rosy_Rupeeland.html
1375,Deadrock.html,are,Enemy,in,The_Legend_of_Zelda_series.html
1376,Deadrock.html,are,Enemy,in,The_Legend_of_Zelda_(Series).html
1377,Death_Armos.html,are,Enemy,from,The_Legend_of_Zelda__Majora%27s_Mask.html
1378,Death_Armos.html,is,Enemy,in,The_Legend_of_Zelda__Majora%27s_Mask.html
1379,Death_Bug.html,is,Boss,in,Freshly-Picked_Tingle%27s_Rosy_Rupeeland.html
1380,Death_Caldera.html,is,Location,in,The_Legend_of_Zelda__Breath_of_the_Wild.html
1381,Death_Caldera.html,is,Location,in,The_Legend_of_Zelda__Breath_of_the_Wild.html
1382,Death_Mountain's_Secret.html,is,Quest,in,The_Legend_of_Zelda__Breath_of_the_Wild.html
1383,Death_Mountain's_Secret.html,is,Quest,in,The_Legend_of_Zelda__Breath_of_the_Wild.html
1384,Death_Mountain.html,is,Location,within,The_Legend_of_Zelda_series.html
1385,Death_Mountain.html,become,Location,within,The_Legend_of_Zelda_series.html
1386,Death_Mountain.html,is,Location,in,The_Legend_of_Zelda_(Series).html
1387,Death_Mountain_(Four_Swords).html,is,Stage,from,The_Legend_of_Zelda__Four_Swords.html
1388,Death_Mountain_(Hyrule_Warriors).html,is,Stage,in,Hyrule_Warriors.html
1389,Death_Mountain_(Stage).html,is,Stage,in,Hyrule_Warriors.html
1390,Death_Mountain_Crater.html,is,Location,from,The_Legend_of_Zelda__Ocarina_of_Time.html
1391,Death_Mountain_Crater.html,is,Location,in,The_Legend_of_Zelda__Ocarina_of_Time.html
1392,Death_Mountain_Foothills.html,is,Location,from,The_Legend_of_Zelda__Four_Swords_Adventures.html
1393,Death_Mountain_Foothills.html,is,Stage,of,Death_Mountain.html
1394,Death_Mountain_Shop.html,is,Shop,in,The_Legend_of_Zelda__A_Link_to_the_Past.html
1395,Death_Mountain_Summit.html,is,Location,from,The_Legend_of_Zelda__Ocarina_of_Time.html
1396,Death_Mountain_Summit.html,is,Location,in,The_Legend_of_Zelda__Breath_of_the_Wild.html
1397,Death_Mountain_Trail.html,is,Location,from,The_Legend_of_Zelda__Ocarina_of_Time.html
1398,Death_Mountain_Trail.html,is,Location,in,The_Legend_of_Zelda_(Series).html
1399,Death_Mountain_Trail_Starting_Point.html,is,Location,from,The_Legend_of_Zelda__Ocarina_of_Time.html
1400,Death_Sword.html,is,Boss,of,Arbiter%27s_Grounds_(Twilight_Princess).html
1401,Death_Sword.html,is,Boss,of,Arbiter%27s_Grounds_(Twilight_Princess).html
1402,Decci.html,is,Character,from,The_Legend_of_Zelda__Four_Swords_Adventures.html
1403,Decci.html,is,Character,in,The_Legend_of_Zelda__Four_Swords_Adventures.html
1404,Decoration.html,are,Item,in,The_Legend_of_Zelda__The_Wind_Waker.html
1405,Decorations.html,are,Item,in,The_Legend_of_Zelda__The_Wind_Waker.html
1406,Deeler.html,are,Enemy,from,Zelda_II__The_Adventure_of_Link.html
1407,Deep_Akkala.html,is,Location,in,The_Legend_of_Zelda__Breath_of_the_Wild.html
1408,Deep_Python.html,are,Enemy,from,The_Legend_of_Zelda__Majora%27s_Mask.html
1409,Deep_Python.html,are,Enemy,in,The_Legend_of_Zelda__Majora%27s_Mask.html
1410,Deep_Woods.html,is,Location,from,The_Legend_of_Zelda__Skyward_Sword.html
1411,Deep_Woods.html,is,Location,in,Faron_Woods.html
1412,Deepback_Bay.html,is,Location,in,The_Legend_of_Zelda__Breath_of_the_Wild.html
1413,Deepwood_Shrine.html,is,Dungeon,in,The_Legend_of_Zelda__The_Minish_Cap.html
1414,Deepwood_Shrine.html,is,Dungeon,within,Minish.html
1415,Defense_Badge.html,are,Object,in,Hyrule_Warriors_Legends.html
1416,Deguchitato.html,is,Boss,of,Sea_of_Trees.html
1417,Dekadin.html,is,Character,from,The_Legend_of_Zelda__Oracle_of_Ages.html
1418,Dekki.html,is,Character,from,The_Legend_of_Zelda__Four_Swords_Adventures.html
1419,Dekki.html,is,Character,in,The_Legend_of_Zelda__Four_Swords_Adventures.html
1420,Deku's_Heir.html,is,Character,in,The_Great_Deku_Tree.html#Freshly-Picked_Tingle.27s_Rosy_Rupeeland
1421,Deku_Butler's_Son.html,is,Character,in,The_Legend_of_Zelda__Majora%27s_Mask.html
1422,Deku_Butler.html,is,Character,from,The_Legend_of_Zelda__Majora%27s_Mask.html
1423,Deku_Butler.html,is,Character,in,The_Legend_of_Zelda__Majora%27s_Mask.html
1424,Deku_Flower.html,are,Item,from,The_Legend_of_Zelda__Majora%27s_Mask.html
1425,Deku_Flower.html,are,Object,in,The_Legend_of_Zelda__Ocarina_of_Time.html
1426,Deku_Forest.html,is,Location,in,The_Legend_of_Zelda_(Series).html
1427,Deku_Forest_(Oracle_of_Ages).html,is,Location,of,Wing_Dungeon.html
1428,Deku_King.html,is,Character,from,The_Legend_of_Zelda__Majora%27s_Mask.html
1429,Deku_King.html,is,Character,in,The_Legend_of_Zelda__Majora%27s_Mask.html
1430,Deku_Leaf.html,is,Item,from,The_Legend_of_Zelda__The_Wind_Waker.html
1431,Deku_Link.html,is,Character,from,The_Legend_of_Zelda__Majora%27s_Mask.html
1432,Deku_Mask.html,is,Mask,from,The_Legend_of_Zelda__Majora%27s_Mask.html
1433,Deku_Mask.html,is,Mask,from,The_Legend_of_Zelda__Majora%27s_Mask.html
1434,Deku_Mask.html,is,Item,in,The_Legend_of_Zelda__Majora%27s_Mask.html
1435,Deku_Nut.html,are,Item,in,The_Legend_of_Zelda_series.html
1436,Deku_Nut.html,are,Item,in,The_Legend_of_Zelda_(Series).html
1437,Deku_Palace.html,is,Location,from,The_Legend_of_Zelda__Majora%27s_Mask.html
1438,Deku_Palace.html,is,Location,in,The_Legend_of_Zelda__Majora%27s_Mask.html
1439,Deku_Pipes.html,are,Item,in,The_Legend_of_Zelda__Majora%27s_Mask.html
1440,Deku_Princess.html,is,Character,from,The_Legend_of_Zelda__Majora%27s_Mask.html
1441,Deku_Princess.html,is,Character,in,The_Legend_of_Zelda__Majora%27s_Mask.html
1442,Deku_Royal_Family.html,is,Group,from,The_Legend_of_Zelda__Majora%27s_Mask.html
1443,Deku_Scrub_Brothers.html,are,Dungeon,in,The_Legend_of_Zelda__Ocarina_of_Time.html
1444,Deku_Scrub_Playground.html,is,Location,from,The_Legend_of_Zelda__Majora%27s_Mask.html
1445,Deku_Seed_Bullet_Bag.html,is,Item,in,The_Legend_of_Zelda__Ocarina_of_Time.html
1446,Deku_Seeds_Bullet_Bag.html,is,Item,from,The_Legend_of_Zelda__Ocarina_of_Time.html
1447,Deku_Seeds_Bullet_Bag.html,is,Item,in,The_Legend_of_Zelda__Ocarina_of_Time.html
1448,Deku_Shield.html,is,Item,from,The_Legend_of_Zelda__Ocarina_of_Time.html
1449,Deku_Shrine.html,is,Location,from,The_Legend_of_Zelda__Majora%27s_Mask.html
1450,Deku_Shrine.html,is,Location,in,The_Legend_of_Zelda__Majora%27s_Mask.html
1451,Deku_Stick.html,are,Item,in,The_Legend_of_Zelda_series.html
1452,Deku_Stick.html,are,Item,in,The_Legend_of_Zelda__Ocarina_of_Time.html
1453,Deku_Temple.html,is,Dungeon,from,Freshly-Picked_Tingle%27s_Rosy_Rupeeland.html
1454,Deku_Temple.html,is,Dungeon,in,Freshly-Picked_Tingle%27s_Rosy_Rupeeland.html
1455,Deku_Toad.html,is,Boss,of,Lakebed_Temple.html
1456,Deku_Tree's_Navel.html,is,Location,from,The_Legend_of_Zelda__Breath_of_the_Wild.html
1457,Deku_Tree.html,is,Character,in,The_Legend_of_Zelda_series.html
1458,Deku_Tree_Sprout.html,is,Character,from,The_Legend_of_Zelda__Ocarina_of_Time.html
1459,Deku_Tree_Sprout.html,is,Character,in,The_Legend_of_Zelda_(Series).html
1460,Deliciously_Grilled_Rock_Roast.html,are,Object,in,The_Legend_of_Zelda__Breath_of_the_Wild.html
1461,Delivery_Bag.html,is,Item,from,The_Legend_of_Zelda__The_Wind_Waker.html
1462,Deltan.html,is,Character,in,The_Legend_of_Zelda__Breath_of_the_Wild.html
1463,Deltan.html,is,Character,in,The_Legend_of_Zelda__Breath_of_the_Wild.html
1464,Deluxe_Picto_Box.html,is,Item,from,The_Legend_of_Zelda__The_Wind_Waker.html
1465,Deluxe_Picto_Box.html,is,Item,in,The_Legend_of_Zelda_(Series).html
1466,Deluxe_Shovel.html,is,Item,in,The_Legend_of_Zelda_(Series).html
1467,Demise_(boss).html,is,Boss,of,The_Legend_of_Zelda__Skyward_Sword.html
1468,Demon_Carver.html,is,Item,from,The_Legend_of_Zelda__Breath_of_the_Wild.html
1469,Demon_Chimney.html,are,Object,in,The_Legend_of_Zelda__Phantom_Hourglass.html
1470,Demon_Fossil.html,are,Item,from,The_Legend_of_Zelda__Tri_Force_Heroes.html
1471,Demon_Fossil.html,are,Item,in,The_Legend_of_Zelda_(Series).html
1472,Demon_Mask.html,is,Item,from,Freshly-Picked_Tingle%27s_Rosy_Rupeeland.html
1473,Demon_Prison.html,are,Object,in,The_Legend_of_Zelda__Phantom_Hourglass.html
1474,Demon_Prow.html,are,Object,in,The_Legend_of_Zelda__Phantom_Hourglass.html
1475,Demon_Ship.html,are,Object,in,The_Legend_of_Zelda__Phantom_Hourglass.html
1476,Demon_Train.html,is,Boss,from,The_Legend_of_Zelda__Spirit_Tracks.html
1477,Demon_Train.html,is,Boss,in,The_Legend_of_Zelda__Spirit_Tracks.html
1478,Den_of_Trials.html,is,Location,in,The_Legend_of_Zelda__Tri_Force_Heroes.html
1479,Dento.html,is,Character,in,The_Legend_of_Zelda__Breath_of_the_Wild.html
1480,Deplian_Badlands.html,are,Location,in,The_Legend_of_Zelda__Breath_of_the_Wild.html
1481,Deplian_Badlands.html,are,Location,in,The_Legend_of_Zelda__Breath_of_the_Wild.html
1482,Deppi.html,is,Character,from,The_Legend_of_Zelda__Four_Swords_Adventures.html
1483,Deppi.html,is,Character,in,The_Legend_of_Zelda__Four_Swords_Adventures.html
1484,Dera_Zol.html,is,Boss,of,Talus_Cave.html
1485,Derby_Boy.html,is,Character,from,The_Legend_of_Zelda__A_Link_Between_Worlds.html
1486,Derby_Boy.html,is,Character,from,The_Legend_of_Zelda__A_Link_Between_Worlds.html
1487,Derby_Girl.html,is,Character,from,The_Legend_of_Zelda__A_Link_Between_Worlds.html
1488,Derby_Girl.html,is,Character,from,The_Legend_of_Zelda__A_Link_Between_Worlds.html
1489,Derorin_Boy.html,is,Enemy,from,Freshly-Picked_Tingle%27s_Rosy_Rupeeland.html
1490,Derorin_Boy.html,is,Enemy,in,Freshly-Picked_Tingle%27s_Rosy_Rupeeland.html
1491,Desbreko.html,are,Enemy,from,The_Legend_of_Zelda__Majora%27s_Mask.html
1492,Desbreko.html,are,Enemy,in,The_Legend_of_Zelda__Majora%27s_Mask.html
1493,Desert_(The_Legend_of_Zelda).html,is,Location,from,The_Legend_of_Zelda.html
1494,Desert_Colossus.html,is,Location,from,The_Legend_of_Zelda__Ocarina_of_Time.html
1495,Desert_Colossus.html,is,Location,in,The_Legend_of_Zelda__Ocarina_of_Time.html
1496,Desert_Voe_Headband.html,is,Item,from,The_Legend_of_Zelda__Breath_of_the_Wild.html
1497,Desert_Voe_Headband.html,is,Item,in,The_Legend_of_Zelda__Breath_of_the_Wild.html
1498,Desert_Voe_Spaulder.html,is,Item,from,The_Legend_of_Zelda__Breath_of_the_Wild.html
1499,Desert_Voe_Spaulder.html,is,Item,in,The_Legend_of_Zelda__Breath_of_the_Wild.html
1500,Desert_Voe_Trousers.html,are,Item,from,The_Legend_of_Zelda__Breath_of_the_Wild.html
1501,Desert_Voe_Trousers.html,are,Item,in,The_Legend_of_Zelda__Breath_of_the_Wild.html
1502,Desert_Zone.html,is,Location,in,The_Legend_of_Zelda__Tri_Force_Heroes.html
1503,Desert_of_Doubt.html,is,Location,from,The_Legend_of_Zelda__Four_Swords_Adventures.html
1504,Desert_of_Doubt_(Stage).html,is,Stage,before,Desert_Temple_(Four_Swords_Adventures).html
1505,Desert_of_Mystery.html,is,Location,of,Desert_Palace_(A_Link_to_the_Past).html
1506,Desert_of_Mystery.html,is,Location,in,The_Legend_of_Zelda__A_Link_Between_Worlds.html
1507,Desma's_Labyrinth.html,is,Dungeon,in,Freshly-Picked_Tingle%27s_Rosy_Rupeeland.html
1508,Desma_Four-Legged_Spider.html,are,Enemy,in,Freshly-Picked_Tingle%27s_Rosy_Rupeeland.html
1509,Destroy_Ganon.html,is,Quest,from,The_Legend_of_Zelda__Breath_of_the_Wild.html
1510,Destroy_Ganon.html,is,Quest,from,The_Legend_of_Zelda__Breath_of_the_Wild.html
1511,Destroy_Ganon.html,is,Quest,in,The_Legend_of_Zelda__Breath_of_the_Wild.html
1512,Destroy_Ganon.html,is,Quest,in,The_Legend_of_Zelda__Breath_of_the_Wild.html
1513,Devalant.html,are,Enemy,in,The_Legend_of_Zelda_series.html
1514,Devilish_Girl.html,is,Character,from,The_Legend_of_Zelda__A_Link_Between_Worlds.html
1515,Devilish_Girl.html,is,Character,in,The_Legend_of_Zelda__A_Link_Between_Worlds.html
1516,Dexihand.html,are,Enemy,from,The_Legend_of_Zelda__Majora%27s_Mask.html
1517,Dexihand.html,are,Enemy,in,The_Legend_of_Zelda__Majora%27s_Mask.html
1518,Dexivine.html,are,Enemy,from,The_Legend_of_Zelda__The_Wind_Waker.html
1519,Dexivine.html,are,Enemy,in,The_Legend_of_Zelda__The_Wind_Waker.html
1520,Deya_Lake.html,is,Location,from,The_Legend_of_Zelda__Breath_of_the_Wild.html
1521,Deya_Village_Ruins.html,is,Location,from,The_Legend_of_Zelda__Breath_of_the_Wild.html
1522,Deya_Village_Ruins.html,are,Location,in,The_Legend_of_Zelda__Breath_of_the_Wild.html
1523,Dharkstare.html,is,Boss,of,Ice_Ruins.html
1524,Dharkstare.html,is,Boss,of,Ice_Ruins.html
1525,Diabolical_Cubus_Sisters.html,are,Boss,from,The_Legend_of_Zelda__Phantom_Hourglass.html
1526,Diabolical_Cubus_Sisters.html,are,Boss,in,The_Legend_of_Zelda__Phantom_Hourglass.html
1527,Diamond.html,are,Item,from,The_Legend_of_Zelda__Breath_of_the_Wild.html
1528,Diamond.html,are,Item,in,The_Legend_of_Zelda_(Series).html
1529,Diamond_Circlet.html,is,Item,from,The_Legend_of_Zelda__Breath_of_the_Wild.html
1530,Diamond_Circlet.html,is,Item,in,The_Legend_of_Zelda__Breath_of_the_Wild.html
1531,Diamond_Steppe_Island.html,is,Location,from,The_Legend_of_Zelda__The_Wind_Waker.html
1532,Digdogg_Suspension_Bridge.html,is,Location,from,The_Legend_of_Zelda__Breath_of_the_Wild.html
1533,Digdogg_Suspension_Bridge.html,is,Location,in,The_Legend_of_Zelda__Breath_of_the_Wild.html
1534,Digdogger.html,is,Boss,in,The_Legend_of_Zelda_(Series).html
1535,Digdogger_(Oracle_of_Seasons).html,is,Boss,of,Unicorn%27s_Cave.html
1536,Digdogger_(The_Legend_of_Zelda).html,is,Boss,from,The_Legend_of_Zelda.html
1537,Digging_Mitts.html,are,Item,from,The_Legend_of_Zelda__Skyward_Sword.html
1538,Digging_Mitts.html,are,Item,in,The_Legend_of_Zelda__Skyward_Sword.html
1539,Digging_Mitts_I.html,are,Object,in,Hyrule_Warriors_Legends.html
1540,Digging_Mitts_II.html,are,Object,in,Hyrule_Warriors_Legends.html
1541,Digging_Mitts_III.html,are,Object,in,Hyrule_Warriors_Legends.html
1542,Dignified_Ship.html,are,Object,in,The_Legend_of_Zelda__Phantom_Hourglass.html
1543,Dila_Maag.html,is,Character,from,The_Legend_of_Zelda__Breath_of_the_Wild.html
1544,Dila_Maag_Shrine.html,is,Shrine,from,The_Legend_of_Zelda__Breath_of_the_Wild.html
1545,Dillie.html,is,Character,from,The_Legend_of_Zelda__Breath_of_the_Wild.html
1546,Dillie.html,is,Character,in,The_Legend_of_Zelda__Breath_of_the_Wild.html
1547,Dimitri's_Flute.html,is,Item,in,The_Legend_of_Zelda__Oracle_of_Ages.html
1548,Dimitri.html,is,Character,in,Oracle_Series.html
1549,Din's_Charm.html,is,Item,from,The_Legend_of_Zelda__The_Minish_Cap.html
1550,Din's_Fire.html,is,Item,from,The_Legend_of_Zelda__Ocarina_of_Time.html
1551,Din's_Fire_I.html,are,Object,in,Hyrule_Warriors_Legends.html
1552,Din's_Fire_II.html,are,Object,in,Hyrule_Warriors_Legends.html
1553,Din's_Fire_III.html,are,Object,in,Hyrule_Warriors_Legends.html
1554,Din's_Flame.html,are,Item,from,Hyrule.html#The_Legend_of_Zelda:_Skyward_Sword
1555,Din's_Pearl.html,are,Item,from,The_Legend_of_Zelda__The_Wind_Waker.html
1556,Din's_Power.html,is,Song,from,The_Legend_of_Zelda__Skyward_Sword.html
1557,Din_(Oracle).html,is,Character,in,The_Legend_of_Zelda_(Series).html
1558,Din_(goddess).html,is,Character,in,The_Legend_of_Zelda_series.html
1559,Dina.html,is,Character,in,The_Legend_of_Zelda__Breath_of_the_Wild.html
1560,Dina_(Breath_of_the_Wild).html,is,Character,in,The_Legend_of_Zelda__Breath_of_the_Wild.html
1561,Dining_Hall.html,is,Location,from,The_Legend_of_Zelda__Breath_of_the_Wild.html
1562,Dining_Hall.html,is,Dungeon,of,The_Legend_of_Zelda__Breath_of_the_Wild.html
1563,Dinolfos.html,are,Enemy,in,The_Legend_of_Zelda_(Series).html
1564,Dinraal's_Fang.html,is,Item,from,The_Legend_of_Zelda__Breath_of_the_Wild.html
1565,Dinraal's_Horn.html,is,Item,from,The_Legend_of_Zelda__Breath_of_the_Wild.html
1566,Dinraal's_Scale.html,are,Item,from,The_Legend_of_Zelda__Breath_of_the_Wild.html
1567,Dinraal.html,is,Character,from,The_Legend_of_Zelda__Breath_of_the_Wild.html
1568,Discovery_Ring.html,are,Item,in,The_Legend_of_Zelda__Oracle_of_Ages.html
1569,Disorientation_Station.html,is,Location,in,The_Legend_of_Zelda__Spirit_Tracks.html
1570,Divine_Beast_Vah_Naboris_(Quest).html,is,Quest,in,The_Legend_of_Zelda__Breath_of_the_Wild.html
1571,Divine_Beast_Vah_Rudania_(Quest).html,is,Quest,in,The_Legend_of_Zelda__Breath_of_the_Wild.html
1572,Divine_Shield.html,is,Shield,from,The_Legend_of_Zelda__Skyward_Sword.html
1573,Divine_Shield.html,is,Shield,in,The_Legend_of_Zelda__Skyward_Sword.html
1574,Dmitri.html,is,Character,in,The_Legend_of_Zelda__Breath_of_the_Wild.html
1575,Dmitri.html,is,Character,in,The_Legend_of_Zelda__Breath_of_the_Wild.html
1576,Dobo.html,is,Character,from,The_Legend_of_Zelda__Phantom_Hourglass.html
1577,Dobo.html,is,Character,from,The_Legend_of_Zelda__Phantom_Hourglass.html
1578,Doc_Bandam.html,is,Character,from,The_Legend_of_Zelda__The_Wind_Waker.html
1579,Doc_Bandam.html,is,Character,in,The_Legend_of_Zelda__The_Wind_Waker.html
1580,Docks.html,are,Location,from,The_Legend_of_Zelda__Breath_of_the_Wild.html
1581,Docks.html,is,Dungeon,of,The_Legend_of_Zelda__Breath_of_the_Wild.html
1582,Dodoh.html,is,Character,from,The_Legend_of_Zelda__Skyward_Sword.html
1583,Dodoh.html,is,Character,in,The_Legend_of_Zelda__Skyward_Sword.html
1584,Dodomai_Palace.html,is,Location,in,Zelda__The_Wand_of_Gamelon.html
1585,Dodongo.html,are,Enemy,in,The_Legend_of_Zelda_series.html
1586,Dodongo_(Oracle_of_Seasons).html,is,Boss,of,Snake%27s_Remains.html
1587,Dodongo_(The_Legend_of_Zelda).html,is,Boss,of,Level_2_(First_Quest).html
1588,Dog_Food.html,is,Item,in,The_Legend_of_Zelda_series.html
1589,Dog_Food.html,is,Item,in,The_Legend_of_Zelda__Link%27s_Awakening.html
1590,Doggy_Race.html,is,Location,in,The_Legend_of_Zelda__Majora%27s_Mask.html
1591,Doggy_Racetrack.html,is,Location,from,The_Legend_of_Zelda__Majora%27s_Mask.html
1592,Doggy_Racetrack.html,is,Location,in,The_Legend_of_Zelda__Majora%27s_Mask.html
1593,Dojos.html,are,Location,from,The_Legend_of_Zelda__The_Minish_Cap.html
1594,Doll.html,are,Item,in,Zelda_II__The_Adventure_of_Link.html
1595,Domidak.html,is,Character,from,The_Legend_of_Zelda__Breath_of_the_Wild.html
1596,Dominion_Rod.html,is,Item,in,The_Legend_of_Zelda_(Series).html
1597,Don_Gero's_Mask.html,is,Item,in,The_Legend_of_Zelda__Majora%27s_Mask.html
1598,Don_Gero.html,is,Character,from,The_Legend_of_Zelda__Majora%27s_Mask.html
1599,Don_Gero.html,is,Group,in,The_Legend_of_Zelda__Majora%27s_Mask.html
1600,Dongorongo.html,is,Boss,of,Goron_Temple.html
1601,Dongorongo.html,is,Boss,in,The_Legend_of_Zelda__Phantom_Hourglass.html
1602,Doof.html,is,Character,from,The_Legend_of_Zelda_animated_series.html
1603,Doomknocker.html,are,Enemy,from,Zelda_II__The_Adventure_of_Link.html
1604,Door.html,are,Object,in,The_Legend_of_Zelda_series.html
1605,Door_That_Does_Not_Open.html,is,Location,in,Zelda_II__The_Adventure_of_Link.html
1606,Door_of_Friendship.html,is,Object,from,The_Legend_of_Zelda__Spirit_Tracks.html
1607,Door_of_Time.html,is,Location,in,The_Legend_of_Zelda_(Series).html
1608,Doors_of_Virtue.html,are,Object,from,The_Legend_of_Zelda__Phantom_Hourglass.html
1609,Doppel_Master.html,is,Character,in,Triforce.html#Tri_Force_Heroes
1610,Dora_Dora.html,is,Boss,of,Desma%27s_Labyrinth.html
1611,Dora_Dora.html,is,Boss,from,Freshly-Picked_Tingle%27s_Rosy_Rupeeland.html
1612,Dordung_Cave.html,is,Location,in,Zelda__The_Wand_of_Gamelon.html
1613,Dorian.html,is,Character,from,The_Legend_of_Zelda__Breath_of_the_Wild.html
1614,Dorill.html,is,Character,from,The_Legend_of_Zelda__Breath_of_the_Wild.html
1615,Dorill.html,is,Character,in,The_Legend_of_Zelda__Breath_of_the_Wild.html
1616,Dorrah.html,is,Character,in,The_Legend_of_Zelda__Breath_of_the_Wild.html
1617,Dorrah.html,is,Character,in,The_Legend_of_Zelda__Breath_of_the_Wild.html
1618,Dottie.html,is,Character,from,The_Legend_of_Zelda__The_Minish_Cap.html
1619,Double_Axe.html,is,Item,from,The_Legend_of_Zelda__Breath_of_the_Wild.html
1620,Double_Clawshots.html,are,Item,in,The_Legend_of_Zelda_series.html
1621,Douma.html,is,Character,from,The_Legend_of_Zelda__Breath_of_the_Wild.html
1622,Dovos.html,is,Character,from,The_Legend_of_Zelda__Skyward_Sword.html
1623,Dovos.html,is,Character,in,The_Legend_of_Zelda__Skyward_Sword.html
1624,Dow_Na'eh.html,is,Character,from,The_Legend_of_Zelda__Breath_of_the_Wild.html
1625,Dow_Na'eh_Shrine.html,is,Shrine,from,The_Legend_of_Zelda__Breath_of_the_Wild.html
1626,Doylan.html,is,Character,from,The_Legend_of_Zelda__Phantom_Hourglass.html
1627,Doyle.html,is,Character,from,The_Legend_of_Zelda__The_Minish_Cap.html
1628,Doyle.html,are,Character,in,The_Legend_of_Zelda_(Series).html
1629,Dr-2.html,is,Character,in,The_Legend_of_Zelda__Oracle_of_Ages.html
1630,Dr-3.html,is,Character,from,Freshly-Picked_Tingle%27s_Rosy_Rupeeland.html
1631,Dr-3.html,is,Character,in,The_Legend_of_Zelda__Twilight_Princess.html
1632,Dr-4.html,is,Character,in,Freshly-Picked_Tingle%27s_Rosy_Rupeeland.html
1633,Dr-5.html,is,Character,in,The_Legend_of_Zelda_(Series).html
1634,Dr.html,is,Character,from,The_Legend_of_Zelda__The_Minish_Cap.html
1635,Dr.html,is,Character,in,The_Legend_of_Zelda_(Series).html
1636,Drablands.html,are,Location,in,The_Legend_of_Zelda__Tri_Force_Heroes.html
1637,Dracozu_Lake.html,is,Location,in,The_Legend_of_Zelda__Breath_of_the_Wild.html
1638,Dracozu_River.html,is,Location,in,The_Legend_of_Zelda__Breath_of_the_Wild.html
1639,Dragon's_Exile.html,is,Location,in,The_Legend_of_Zelda__Breath_of_the_Wild.html
1640,Dragon's_Exile.html,is,Location,in,The_Legend_of_Zelda__Breath_of_the_Wild.html
1641,Dragon_(Game_&_Watch).html,is,Boss,of,Dungeon.html
1642,Dragon_Bone_Mire.html,is,Location,in,The_Legend_of_Zelda__Breath_of_the_Wild.html
1643,Dragon_Fry.html,is,Item,from,Freshly-Picked_Tingle%27s_Rosy_Rupeeland.html
1644,Dragon_Roost_Cavern.html,is,Dungeon,in,The_Legend_of_Zelda__The_Wind_Waker.html
1645,Dragon_Roost_Island.html,is,Location,from,The_Legend_of_Zelda__The_Wind_Waker.html
1646,Dragon_Roost_Mountain.html,is,Location,from,The_Legend_of_Zelda__The_Wind_Waker.html
1647,Dragon_Scale.html,are,Item,from,The_Legend_of_Zelda__Spirit_Tracks.html
1648,Dragon_Scale.html,are,Item,in,The_Legend_of_Zelda_(Series).html
1649,Dragon_Sculpture.html,is,Item,from,The_Legend_of_Zelda__Skyward_Sword.html
1650,Dragon_Sculpture.html,are,Item,in,The_Legend_of_Zelda__Skyward_Sword.html
1651,Dragonbone_Boko_Bat.html,is,Item,from,The_Legend_of_Zelda__Breath_of_the_Wild.html
1652,Dragonbone_Boko_Bow.html,is,Item,in,The_Legend_of_Zelda__Breath_of_the_Wild.html
1653,Dragonbone_Boko_Club.html,is,Item,from,The_Legend_of_Zelda__Breath_of_the_Wild.html
1654,Dragonbone_Boko_Shield.html,is,Item,in,The_Legend_of_Zelda__Breath_of_the_Wild.html
1655,Dragonbone_Boko_Spear.html,is,Item,in,The_Legend_of_Zelda__Breath_of_the_Wild.html
1656,Dragonbone_Moblin_Club.html,is,Item,from,The_Legend_of_Zelda__Breath_of_the_Wild.html
1657,Dragonbone_Moblin_Spear.html,is,Item,from,The_Legend_of_Zelda__Breath_of_the_Wild.html
1658,Drak.html,is,Character,from,The_Legend_of_Zelda__Breath_of_the_Wild.html
1659,Drak.html,is,Character,in,The_Legend_of_Zelda__Breath_of_the_Wild.html
1660,Dream_Shrine.html,is,Location,from,The_Legend_of_Zelda__Link%27s_Awakening.html
1661,Drenan_Highlands.html,are,Location,in,The_Legend_of_Zelda__Breath_of_the_Wild.html
1662,Drenan_Highlands.html,are,Location,in,The_Legend_of_Zelda__Breath_of_the_Wild.html
1663,Drill_Prow.html,are,Object,in,The_Legend_of_Zelda__Phantom_Hourglass.html
1664,Drillshaft.html,is,Item,from,The_Legend_of_Zelda__Breath_of_the_Wild.html
1665,Drona.html,is,Character,from,The_Legend_of_Zelda__The_Wind_Waker.html
1666,Drona_(Korok).html,is,Character,in,The_Legend_of_Zelda__The_Wind_Waker.html
1667,Dronoc's_Pass.html,is,Location,in,The_Legend_of_Zelda__Breath_of_the_Wild.html
1668,Droolik.html,is,Character,in,Link__The_Faces_of_Evil.html
1669,Drums_of_Sleep.html,are,Item,in,The_Legend_of_Zelda__Majora%27s_Mask.html
1670,Dubious_Food.html,is,Item,from,The_Legend_of_Zelda__Breath_of_the_Wild.html
1671,Dueling_Peaks.html,are,Location,from,The_Legend_of_Zelda__Breath_of_the_Wild.html
1672,Dueling_Peaks_South.html,is,Location,from,The_Legend_of_Zelda__Breath_of_the_Wild.html
1673,Dueling_Peaks_Stable.html,is,Location,in,The_Legend_of_Zelda__Breath_of_the_Wild.html
1674,Dueling_Peaks_Tower.html,is,Location,in,The_Legend_of_Zelda__Breath_of_the_Wild.html
1675,Dugby.html,is,Character,from,The_Legend_of_Zelda__Breath_of_the_Wild.html
1676,Dugby.html,is,Character,in,The_Legend_of_Zelda__Breath_of_the_Wild.html
1677,Duke.html,is,Character,from,Foreman_(Freshly-Picked_Tingle%27s_Rosy_Rupeeland).html
1678,Duke_Onkled.html,is,Character,from,Zelda__The_Wand_of_Gamelon.html
1679,Duke_Onkled.html,is,Character,in,Zelda__The_Wand_of_Gamelon.html
1680,Duko.html,is,Character,from,Foreman_(Freshly-Picked_Tingle%27s_Rosy_Rupeeland).html
1681,Dunba_Taag.html,is,Character,from,The_Legend_of_Zelda__Breath_of_the_Wild.html
1682,Dunba_Taag_Shrine.html,is,Shrine,from,The_Legend_of_Zelda__Breath_of_the_Wild.html
1683,Dungeon.html,are,Location,in,The_Legend_of_Zelda.html
1684,Dungeon_Map.html,are,Item,in,The_Legend_of_Zelda_series.html
1685,Dungeon_Map.html,are,Item,in,The_Legend_of_Zelda_(Series).html
1686,Dungeons.html,are,Location,in,The_Legend_of_Zelda.html
1687,Dunma.html,is,Character,from,The_Legend_of_Zelda__Breath_of_the_Wild.html
1688,Dunma.html,is,Character,in,The_Legend_of_Zelda__Breath_of_the_Wild.html
1689,Dunsel_Plateau.html,is,Location,from,The_Legend_of_Zelda__Breath_of_the_Wild.html
1690,Duplex_Bow.html,is,Item,from,The_Legend_of_Zelda__Breath_of_the_Wild.html
1691,Duplex_Bow.html,is,Item,throughout,The_Legend_of_Zelda__The_Wind_Waker.html
1692,Duplex_Bow.html,is,Item,throughout,The_Legend_of_Zelda__The_Wind_Waker.html
1693,Dusk_Relic.html,are,Item,in,The_Legend_of_Zelda_(Series).html
1694,Dwarven_Swordsmith.html,are,Character,in,The_Legend_of_Zelda__A_Link_to_the_Past.html
1695,Dwarven_Swordsmiths.html,are,Character,from,The_Legend_of_Zelda__A_Link_to_the_Past.html
1696,Dwarven_Swordsmiths.html,are,Character,in,The_Legend_of_Zelda__A_Link_to_the_Past.html
1697,Dye.html,are,Object,in,The_Legend_of_Zelda__Breath_of_the_Wild.html
1698,Dynalfos.html,are,Enemy,in,The_Legend_of_Zelda_(Series).html
1699,EX_Ancient_Horse_Rumors.html,is,Quest,from,The_Legend_of_Zelda__Breath_of_the_Wild.html
1700,EX_Ancient_Horse_Rumors.html,is,Quest,in,The_Legend_of_Zelda__Breath_of_the_Wild.html
1701,EX_Champion_Daruk's_Song.html,is,Quest,from,The_Legend_of_Zelda__Breath_of_the_Wild.html
1702,EX_Champion_Daruk's_Song.html,is,Quest,in,The_Legend_of_Zelda__Breath_of_the_Wild.html
1703,EX_Champion_Mipha's_Song.html,is,Quest,from,The_Legend_of_Zelda__Breath_of_the_Wild.html
1704,EX_Champion_Mipha's_Song.html,is,Quest,in,The_Legend_of_Zelda__Breath_of_the_Wild.html
1705,EX_Champion_Revali's_Song.html,is,Quest,from,The_Legend_of_Zelda__Breath_of_the_Wild.html
1706,EX_Champion_Revali's_Song.html,is,Quest,in,The_Legend_of_Zelda__Breath_of_the_Wild.html
1707,EX_Champion_Urbosa's_Song.html,is,Quest,from,The_Legend_of_Zelda__Breath_of_the_Wild.html
1708,EX_Champion_Urbosa's_Song.html,is,Quest,in,The_Legend_of_Zelda__Breath_of_the_Wild.html
1709,EX_Royal_Guard_Rumors.html,is,Quest,from,The_Legend_of_Zelda__Breath_of_the_Wild.html
1710,EX_Royal_Guard_Rumors.html,is,Quest,in,The_Legend_of_Zelda__Breath_of_the_Wild.html
1711,EX_Strange_Mask_Rumors.html,is,Quest,in,The_Legend_of_Zelda__Breath_of_the_Wild.html
1712,EX_Strange_Mask_Rumors.html,is,Quest,in,The_Legend_of_Zelda__Breath_of_the_Wild.html
1713,EX_The_Champions'_Ballad.html,is,Quest,in,The_Legend_of_Zelda__Breath_of_the_Wild.html
1714,EX_Treasure__Ancient_Mask.html,is,Quest,from,The_Legend_of_Zelda__Breath_of_the_Wild.html
1715,EX_Treasure__Ancient_Mask.html,is,Quest,in,The_Legend_of_Zelda__Breath_of_the_Wild.html
1716,EX_Treasure__Dark_Armor.html,is,Quest,from,The_Legend_of_Zelda__Breath_of_the_Wild.html
1717,EX_Treasure__Dark_Armor.html,is,Quest,in,The_Legend_of_Zelda__Breath_of_the_Wild.html
1718,EX_Treasure__Fairy_Clothes.html,is,Quest,from,The_Legend_of_Zelda__Breath_of_the_Wild.html
1719,EX_Treasure__Fairy_Clothes.html,is,Quest,in,The_Legend_of_Zelda__Breath_of_the_Wild.html
1720,EX_Treasure__Garb_of_Winds.html,is,Quest,from,The_Legend_of_Zelda__Breath_of_the_Wild.html
1721,EX_Treasure__Garb_of_Winds.html,is,Quest,in,The_Legend_of_Zelda__Breath_of_the_Wild.html
1722,EX_Treasure__Merchant_Hood.html,is,Quest,from,The_Legend_of_Zelda__Breath_of_the_Wild.html
1723,EX_Treasure__Merchant_Hood.html,is,Quest,in,The_Legend_of_Zelda__Breath_of_the_Wild.html
1724,EX_Treasure__Phantasma.html,is,Quest,from,The_Legend_of_Zelda__Breath_of_the_Wild.html
1725,EX_Treasure__Twilight_Relic.html,is,Quest,from,The_Legend_of_Zelda__Breath_of_the_Wild.html
1726,EX_Treasure__Twilight_Relic.html,is,Quest,in,The_Legend_of_Zelda__Breath_of_the_Wild.html
1727,EX_Treasure__Usurper_King.html,is,Quest,from,The_Legend_of_Zelda__Breath_of_the_Wild.html
1728,EX_Treasure__Usurper_King.html,is,Quest,in,The_Legend_of_Zelda__Breath_of_the_Wild.html
1729,EX_Trial_of_the_Sword.html,is,Quest,from,The_Legend_of_Zelda__Breath_of_the_Wild.html
1730,EX_Trial_of_the_Sword.html,is,Quest,in,The_Legend_of_Zelda__Breath_of_the_Wild.html
1731,Eagle's_Tower.html,is,Dungeon,in,The_Legend_of_Zelda__Link%27s_Awakening.html
1732,Eagle_(Tingle's_Balloon_Trip_of_Love).html,is,Character,in,Ripened_Tingle%27s_Balloon_Trip_of_Love.html
1733,Eagus.html,is,Character,from,The_Legend_of_Zelda__Skyward_Sword.html
1734,Eagus.html,is,Character,in,The_Legend_of_Zelda__Skyward_Sword.html
1735,Eagus_Bridge.html,is,Location,from,The_Legend_of_Zelda__Breath_of_the_Wild.html
1736,Eagus_Bridge.html,is,Location,in,The_Legend_of_Zelda__Breath_of_the_Wild.html
1737,Earth_Element.html,are,Item,from,The_Legend_of_Zelda__The_Minish_Cap.html
1738,Earth_God's_Lyric.html,is,Song,from,The_Legend_of_Zelda__The_Wind_Waker.html
1739,Earth_Spring.html,is,Location,from,The_Legend_of_Zelda__Skyward_Sword.html
1740,Earth_Temple_Key.html,is,Item,from,The_Legend_of_Zelda__Skyward_Sword.html
1741,Earth_Watcher.html,are,Enemy,in,Guardian.html#Skyward_Sword
1742,East_Akkala_Beach.html,is,Location,in,The_Legend_of_Zelda__Breath_of_the_Wild.html
1743,East_Akkala_Plains.html,are,Location,in,The_Legend_of_Zelda__Breath_of_the_Wild.html
1744,East_Akkala_Stable.html,is,Location,in,The_Legend_of_Zelda__Breath_of_the_Wild.html
1745,East_Akkala_Stable.html,is,Location,in,The_Legend_of_Zelda__Breath_of_the_Wild.html
1746,East_Barrens.html,is,Location,in,The_Legend_of_Zelda__Breath_of_the_Wild.html
1747,East_Barrens.html,is,Location,in,The_Legend_of_Zelda__Breath_of_the_Wild.html
1748,East_Castle_Town.html,is,Location,from,The_Legend_of_Zelda__Breath_of_the_Wild.html
1749,East_Clock_Town.html,is,Location,from,The_Legend_of_Zelda__Majora%27s_Mask.html
1750,East_Crossroads.html,is,Location,in,Zelda%27s_Adventure.html
1751,East_Deplian_Badlands.html,are,Location,in,The_Legend_of_Zelda__Breath_of_the_Wild.html
1752,East_Forest.html,is,Location,in,Zelda%27s_Adventure.html
1753,East_Gerudo_Mesa.html,is,Location,in,The_Legend_of_Zelda__Breath_of_the_Wild.html
1754,East_Gerudo_Mesa.html,is,Location,in,The_Legend_of_Zelda__Breath_of_the_Wild.html
1755,East_Gerudo_Ruins.html,are,Location,in,The_Legend_of_Zelda__Breath_of_the_Wild.html
1756,East_Gerudo_Ruins.html,is,Location,in,The_Legend_of_Zelda__Breath_of_the_Wild.html
1757,East_Gut_Check_Rock.html,is,Location,in,The_Legend_of_Zelda__Breath_of_the_Wild.html
1758,East_Hyrule_Castle.html,is,Location,from,The_Legend_of_Zelda__Breath_of_the_Wild.html
1759,East_Mount_Granajh.html,is,Location,from,The_Legend_of_Zelda__Breath_of_the_Wild.html
1760,East_Necluda.html,is,Location,in,The_Legend_of_Zelda__Breath_of_the_Wild.html
1761,East_Passage.html,is,Location,from,The_Legend_of_Zelda__Breath_of_the_Wild.html
1762,East_Passage.html,is,Dungeon,of,The_Legend_of_Zelda__Breath_of_the_Wild.html
1763,East_Post_Ruins.html,are,Location,from,The_Legend_of_Zelda__Breath_of_the_Wild.html
1764,East_Post_Ruins.html,are,Location,in,The_Legend_of_Zelda__Breath_of_the_Wild.html
1765,East_Ranch_Ruins.html,are,Location,from,The_Legend_of_Zelda__Breath_of_the_Wild.html
1766,East_Reservoir_Lake.html,is,Location,from,The_Legend_of_Zelda__Breath_of_the_Wild.html
1767,East_Sokkala_Bridge.html,is,Location,from,The_Legend_of_Zelda__Breath_of_the_Wild.html
1768,East_Wind.html,is,Shop,from,The_Legend_of_Zelda__Breath_of_the_Wild.html
1769,East_of_the_Bay.html,is,Location,from,The_Legend_of_Zelda__Link%27s_Awakening.html
1770,East_of_the_Bay.html,is,Location,from,The_Legend_of_Zelda__Link%27s_Awakening.html
1771,Eastern_Abbey.html,is,Location,in,The_Legend_of_Zelda__Breath_of_the_Wild.html
1772,Eastern_Abbey.html,is,Location,in,The_Legend_of_Zelda__Breath_of_the_Wild.html
1773,Eastern_Daval_Peak.html,is,Location,from,The_Legend_of_Zelda__Breath_of_the_Wild.html
1774,Eastern_Fairy_Island.html,is,Location,from,The_Legend_of_Zelda__The_Wind_Waker.html
1775,Eastern_Hills.html,is,Location,from,The_Legend_of_Zelda__The_Minish_Cap.html
1776,Eastern_Hyrule_(Four_Swords_Adventures).html,is,Location,from,The_Legend_of_Zelda__Four_Swords_Adventures.html
1777,Eastern_Ruins.html,is,Location,in,The_Legend_of_Zelda__A_Link_Between_Worlds.html
1778,Eastern_Temple.html,is,Location,from,The_Legend_of_Zelda__A_Link_to_the_Past.html
1779,Eastern_Temple.html,is,Stage,in,The_Legend_of_Zelda__Four_Swords_Adventures.html
1780,Eastern_Triangle_Island.html,is,Location,from,The_Legend_of_Zelda__The_Wind_Waker.html
1781,Eastmost_Penninsula.html,is,Location,from,The_Legend_of_Zelda.html
1782,Ebara_Forest.html,is,Location,from,The_Legend_of_Zelda__Breath_of_the_Wild.html
1783,Ebon_Mountain.html,is,Location,from,The_Legend_of_Zelda__Breath_of_the_Wild.html
1784,Eddo's_Cannon.html,is,Object,in,The_Legend_of_Zelda__Phantom_Hourglass.html
1785,Eddo's_Garage.html,is,Location,in,The_Legend_of_Zelda__Phantom_Hourglass.html
1786,Eddo.html,is,Character,from,The_Legend_of_Zelda__Phantom_Hourglass.html
1787,Eddo.html,is,Character,in,The_Legend_of_Zelda__Phantom_Hourglass.html
1788,Edelweiss.html,is,Character,in,Ripened_Tingle%27s_Balloon_Trip_of_Love.html
1789,Edge_of_Duality.html,is,Item,from,The_Legend_of_Zelda__Breath_of_the_Wild.html
1790,Eenie_&_Meenie.html,are,Character,from,The_Legend_of_Zelda__The_Minish_Cap.html
1791,Eeno.html,are,Enemy,from,The_Legend_of_Zelda__Majora%27s_Mask.html
1792,Egg_Pudding.html,is,Item,from,The_Legend_of_Zelda__Breath_of_the_Wild.html
1793,Egg_Tart.html,is,Item,from,The_Legend_of_Zelda__Breath_of_the_Wild.html
1794,Eight_Dragons.html,is,Boss,of,Dungeon.html
1795,Eightfold_Blade.html,is,Item,from,The_Legend_of_Zelda__Breath_of_the_Wild.html
1796,Eightfold_Longblade.html,are,Item,from,The_Legend_of_Zelda__Breath_of_the_Wild.html
1797,Elde_Inn.html,is,Location,in,Kakariko_Village.html#Twilight_Princess
1798,Eldin's_Flank.html,is,Location,in,The_Legend_of_Zelda__Breath_of_the_Wild.html
1799,Eldin's_Flank.html,is,Location,in,The_Legend_of_Zelda__Breath_of_the_Wild.html
1800,Eldin_(Breath_of_the_Wild).html,is,Location,in,The_Legend_of_Zelda__Breath_of_the_Wild.html
1801,Eldin_(Skyward_Sword).html,is,Character,from,Hyrule.html#The_Legend_of_Zelda:_Skyward_Sword
1802,Eldin_Bridge.html,is,Location,in,The_Legend_of_Zelda_(Series).html
1803,Eldin_Canyon.html,is,Location,in,The_Legend_of_Zelda__Breath_of_the_Wild.html
1804,Eldin_Canyon.html,is,Location,in,The_Legend_of_Zelda__Breath_of_the_Wild.html
1805,Eldin_Caves.html,is,Stage,in,Hyrule_Warriors.html
1806,Eldin_Great_Skeleton.html,is,Location,from,The_Legend_of_Zelda__Breath_of_the_Wild.html
1807,Eldin_Great_Skeleton.html,is,Location,in,The_Legend_of_Zelda__Breath_of_the_Wild.html
1808,Eldin_Mountains.html,is,Location,in,The_Legend_of_Zelda__Breath_of_the_Wild.html
1809,Eldin_Mountains.html,are,Location,in,The_Legend_of_Zelda__Breath_of_the_Wild.html
1810,Eldin_Ore.html,are,Item,from,Hyrule.html#The_Legend_of_Zelda:_Skyward_Sword
1811,Eldin_Ore.html,are,Item,in,The_Legend_of_Zelda_(Series).html
1812,Eldin_Tower.html,is,Location,in,The_Legend_of_Zelda__Breath_of_the_Wild.html
1813,Eldin_Volcano.html,is,Location,of,Earth_Temple_(Skyward_Sword).html
1814,Eldin_Volcano.html,is,Location,in,Fire_Sanctuary_(Skyward_Sword).html
1815,Electric_Blob_King.html,is,Boss,of,Buzz_Blob.html
1816,Electric_Blob_Queen.html,is,Boss,of,Abyss_of_Agony.html
1817,Electric_Chuchu.html,are,Enemy,in,The_Legend_of_Zelda__Breath_of_the_Wild.html
1818,Electric_Keese.html,are,Enemy,from,The_Legend_of_Zelda__Breath_of_the_Wild.html
1819,Electric_Keese.html,are,Enemy,in,The_Legend_of_Zelda_(Series).html
1820,Electric_Keese_Wing.html,are,Item,from,The_Legend_of_Zelda__Breath_of_the_Wild.html
1821,Electric_Lizalfos.html,are,Enemy,from,The_Legend_of_Zelda__Breath_of_the_Wild.html
1822,Electric_Lizalfos.html,are,Enemy,in,The_Legend_of_Zelda__Breath_of_the_Wild.html
1823,Electric_Wizzrobe.html,are,Enemy,from,The_Legend_of_Zelda__Breath_of_the_Wild.html
1824,Electric_Wizzrobe.html,are,Enemy,in,The_Legend_of_Zelda__Breath_of_the_Wild.html
1825,Electricity.html,is,Object,in,The_Legend_of_Zelda_(Series).html
1826,Electro_Elixir.html,is,Item,in,The_Legend_of_Zelda__Breath_of_the_Wild.html
1827,Electro_Spume.html,are,Enemy,from,The_Legend_of_Zelda__Skyward_Sword.html
1828,Electro_Spume.html,are,Enemy,in,The_Legend_of_Zelda__Skyward_Sword.html
1829,Electro_Steamed_Meat.html,is,Item,in,The_Legend_of_Zelda__Breath_of_the_Wild.html
1830,Elegy_Of_Emptiness-2.html,is,Song,in,The_Legend_of_Zelda__Majora%27s_Mask.html
1831,Elegy_of_Emptiness.html,is,Song,from,The_Legend_of_Zelda__Majora%27s_Mask.html
1832,Elegy_of_Emptiness.html,is,Song,in,The_Legend_of_Zelda__Majora%27s_Mask.html
1833,Elemental_Sanctuary.html,is,Location,from,The_Legend_of_Zelda__The_Minish_Cap.html
1834,Elemental_Sanctuary.html,is,Location,in,The_Legend_of_Zelda__The_Minish_Cap.html
1835,Elemental_White_Sword.html,is,Sword,in,The_Legend_of_Zelda_(Series).html
1836,Elements.html,are,Item,from,The_Legend_of_Zelda__The_Minish_Cap.html
1837,Elevator.html,are,Object,in,The_Legend_of_Zelda_series.html
1838,Elixir.html,are,Item,in,The_Legend_of_Zelda__Breath_of_the_Wild.html
1839,Elixir_Soup.html,is,Item,from,The_Legend_of_Zelda__The_Wind_Waker.html
1840,Elma.html,is,Character,from,The_Legend_of_Zelda__The_Wind_Waker.html
1841,Elma.html,is,Character,in,The_Legend_of_Zelda__The_Wind_Waker.html
1842,Elma_Knolls.html,are,Location,from,The_Legend_of_Zelda__Breath_of_the_Wild.html
1843,Elma_Knolls.html,is,Location,in,The_Legend_of_Zelda__Breath_of_the_Wild.html
1844,Elsie.html,is,Character,from,The_Legend_of_Zelda__The_Minish_Cap.html
1845,Ember.html,is,Character,from,The_Legend_of_Zelda__Breath_of_the_Wild.html
1846,Emblazoned_Shield.html,is,Item,in,The_Legend_of_Zelda__Breath_of_the_Wild.html
1847,Embrose.html,is,Character,from,The_Legend_of_Zelda__Spirit_Tracks.html
1848,Embrose.html,is,Character,from,Spirit_Tracks_(Object).html
1849,Embry.html,is,Character,in,The_Legend_of_Zelda__Breath_of_the_Wild.html
1850,Embry.html,is,Character,in,The_Legend_of_Zelda__Breath_of_the_Wild.html
1851,Emerald_Tablet.html,is,Item,in,The_Legend_of_Zelda__Skyward_Sword.html
1852,Emma.html,is,Character,from,The_Legend_of_Zelda__The_Minish_Cap.html
1853,Empty_Bottle.html,are,Item,in,The_Legend_of_Zelda_(Series).html
1854,Empty_Bottle_I.html,are,Object,in,Hyrule_Warriors_Legends.html
1855,Empty_Bottle_II.html,are,Object,in,Hyrule_Warriors_Legends.html
1856,Empty_Bottle_III.html,are,Object,in,Hyrule_Warriors_Legends.html
1857,Empty_Jar.html,are,Item,in,The_Legend_of_Zelda_(Series).html
1858,Empty_Jars.html,are,Item,in,The_Legend_of_Zelda_(Series).html
1859,Emri.html,is,Character,in,The_Legend_of_Zelda__Breath_of_the_Wild.html
1860,Emri.html,is,Character,in,The_Legend_of_Zelda__Breath_of_the_Wild.html
1861,Ena.html,is,Character,in,The_Legend_of_Zelda__Breath_of_the_Wild.html
1862,Endai.html,is,Character,from,The_Legend_of_Zelda__Breath_of_the_Wild.html
1863,Endless_Pit.html,is,Location,from,The_Legend_of_Zelda_animated_series.html
1864,Endless_Trap.html,is,Location,from,Zelda_II__The_Adventure_of_Link.html
1865,Ends_of_the_Earth_Station.html,is,Location,from,The_Legend_of_Zelda__A_Link_to_the_Past.html
1866,Ends_of_the_Earth_Station.html,is,Location,in,The_Legend_of_Zelda__Spirit_Tracks.html
1867,Endura_Carrot.html,is,Item,from,The_Legend_of_Zelda__Breath_of_the_Wild.html
1868,Endura_Shroom.html,are,Item,from,The_Legend_of_Zelda__Breath_of_the_Wild.html
1869,Endura_Shroom.html,are,Item,in,The_Legend_of_Zelda__Breath_of_the_Wild.html
1870,Enduring_Elixir.html,is,Item,from,The_Legend_of_Zelda__Breath_of_the_Wild.html
1871,Enduring_Mushroom_Skewer.html,is,Item,in,The_Legend_of_Zelda__Breath_of_the_Wild.html
1872,Enemy_Force.html,are,Group,in,Hyrule_Warriors.html
1873,Energizing_Elixir.html,is,Item,from,The_Legend_of_Zelda__Breath_of_the_Wild.html
1874,Energizing_Glazed_Meat.html,is,Item,in,The_Legend_of_Zelda__Breath_of_the_Wild.html
1875,Energizing_Honey_Candy.html,is,Item,from,The_Legend_of_Zelda__Breath_of_the_Wild.html
1876,Energizing_Honeyed_Apple.html,is,Item,in,The_Legend_of_Zelda__Breath_of_the_Wild.html
1877,Energizing_Meat_&_Mushroom_Skewer.html,is,Item,in,The_Legend_of_Zelda__Breath_of_the_Wild.html
1878,Energizing_Meat_and_Mushroom_Skewer.html,is,Item,in,The_Legend_of_Zelda__Breath_of_the_Wild.html
1879,Energizing_Meaty_Rice_Balls.html,is,Item,in,The_Legend_of_Zelda__Breath_of_the_Wild.html
1880,Energizing_Mushroom_Skewer.html,is,Item,in,The_Legend_of_Zelda__Breath_of_the_Wild.html
1881,Energizing_Salt-Grilled_Fish.html,is,Item,in,The_Legend_of_Zelda__Breath_of_the_Wild.html
1882,Energy_Potion.html,is,Object,in,The_Legend_of_Zelda__A_Link_Between_Worlds.html
1883,Engineer's_Clothes.html,are,Item,from,The_Legend_of_Zelda__Spirit_Tracks.html
1884,Engineer's_Clothes.html,are,Item,in,The_Legend_of_Zelda__Spirit_Tracks.html
1885,Engineer.html,is,Character,from,Freshly-Picked_Tingle%27s_Rosy_Rupeeland.html
1886,Engineer_Certificate.html,is,Item,from,Hyrule_Castle.html#The_Legend_of_Zelda:_Spirit_Tracks
1887,Engineer_Certificate.html,is,Item,in,The_Legend_of_Zelda__Spirit_Tracks.html
1888,Enhanced_Lizal_Spear.html,is,Item,from,The_Legend_of_Zelda__Breath_of_the_Wild.html
1889,Enhanced_Spinner.html,is,Item,in,The_Legend_of_Zelda__Twilight_Princess.html
1890,Eox.html,is,Boss,from,The_Legend_of_Zelda__Phantom_Hourglass.html
1891,Eox.html,is,Boss,in,The_Legend_of_Zelda__Phantom_Hourglass.html
1892,Epona's_Song.html,is,Song,in,The_Legend_of_Zelda_series.html
1893,Epona.html,is,Character,in,The_Legend_of_Zelda_series.html
1894,Equestrian_Riding_Course.html,is,Location,from,The_Legend_of_Zelda__Breath_of_the_Wild.html
1895,Equestrian_Riding_Course.html,is,Location,in,The_Legend_of_Zelda__Breath_of_the_Wild.html
1896,Ergtorok.html,are,Enemy,from,The_Legend_of_Zelda__Spirit_Tracks.html
1897,Erik.html,is,Character,from,The_Legend_of_Zelda__The_Minish_Cap.html
1898,Erla.html,is,Character,from,The_Legend_of_Zelda.html
1899,Erla.html,is,Character,in,The_Legend_of_Zelda__Skyward_Sword.html
1900,Erol.html,is,Character,by,The_Legend_of_Zelda_comics.html
1901,Error.html,is,Character,from,Zelda_II__The_Adventure_of_Link.html
1902,Eryck.html,is,Character,from,The_Legend_of_Zelda__Breath_of_the_Wild.html
1903,Eryck.html,is,Character,in,The_Legend_of_Zelda__Breath_of_the_Wild.html
1904,Essa.html,is,Character,in,The_Legend_of_Zelda__Breath_of_the_Wild.html
1905,Essa.html,is,Character,in,The_Legend_of_Zelda__Breath_of_the_Wild.html
1906,Estan.html,is,Character,in,The_Legend_of_Zelda__Breath_of_the_Wild.html
1907,Estan.html,is,Character,in,The_Legend_of_Zelda__Breath_of_the_Wild.html
1908,Ether.html,is,Item,in,The_Legend_of_Zelda__A_Link_to_the_Past.html
1909,Ether_Medallion.html,is,Item,from,The_Legend_of_Zelda__A_Link_to_the_Past.html
1910,Ether_Medallion.html,is,Item,in,The_Legend_of_Zelda__A_Link_to_the_Past.html
1911,Etsu_Korima.html,is,Character,from,The_Legend_of_Zelda__Breath_of_the_Wild.html
1912,Etsu_Korima_Shrine.html,is,Shrine,from,The_Legend_of_Zelda__Breath_of_the_Wild.html
1913,Evan.html,is,Character,from,The_Legend_of_Zelda.html
1914,Evan.html,is,Character,in,The_Legend_of_Zelda__Majora%27s_Mask.html
1915,Eventide_Island.html,is,Location,from,The_Legend_of_Zelda__Breath_of_the_Wild.html
1916,Evil_Crystal.html,are,Item,in,The_Legend_of_Zelda_(Series).html
1917,Evil_Eagle.html,is,Boss,of,Eagle%27s_Tower.html
1918,Evil_Eagle.html,is,Boss,of,Eagle%27s_Tower.html
1919,Evil_Orb.html,is,Boss,in,The_Legend_of_Zelda__Link%27s_Awakening_DX.html
1920,Exchange_Ruins.html,are,Location,from,The_Legend_of_Zelda__Breath_of_the_Wild.html
1921,Exotic_Flower.html,is,Item,from,The_Legend_of_Zelda__The_Wind_Waker.html
1922,Exotic_Flower.html,are,Item,in,The_Legend_of_Zelda__The_Wind_Waker.html
1923,Expert's_Ring.html,are,Item,in,The_Legend_of_Zelda__Oracle_of_Ages.html
1924,Explorer's_Crypt.html,is,Dungeon,of,The_Legend_of_Zelda__Oracle_of_Seasons.html
1925,Explorer.html,is,Character,from,Freshly-Picked_Tingle%27s_Rosy_Rupeeland.html
1926,Extravagant_Bridle.html,is,Item,in,The_Legend_of_Zelda__Breath_of_the_Wild.html
1927,Extravagant_Saddle.html,is,Item,in,The_Legend_of_Zelda__Breath_of_the_Wild.html
1928,Eye_Brute.html,are,Enemy,in,The_Legend_of_Zelda_(Series).html
1929,Eye_Drops.html,are,Item,in,The_Legend_of_Zelda__Ocarina_of_Time.html
1930,Eye_Guard.html,are,Enemy,in,The_Legend_of_Zelda_(Series).html
1931,Eye_Keese.html,are,Enemy,in,The_Legend_of_Zelda_(Series).html
1932,Eye_Slug.html,is,Enemy,in,The_Legend_of_Zelda__Phantom_Hourglass.html
1933,Eyeball_Frog.html,is,Item,from,The_Legend_of_Zelda__Ocarina_of_Time.html
1934,Eyedrops.html,are,Item,in,The_Legend_of_Zelda__Ocarina_of_Time.html
1935,Eyeglass_Island_Library.html,is,Location,in,The_Legend_of_Zelda__Oracle_of_Ages.html
1936,Eyegore.html,are,Enemy,in,The_Legend_of_Zelda_series.html
1937,Eyegore.html,are,Enemy,in,The_Legend_of_Zelda_(Series).html
1938,Eyegore_Statue.html,are,Enemy,in,The_Legend_of_Zelda_(Series).html
1939,Eyeroc.html,are,Enemy,in,The_Legend_of_Zelda__Four_Swords_Adventures.html
1940,Eyes_of_Skull.html,is,Location,from,The_Legend_of_Zelda.html
1941,Eyesoar.html,is,Boss,of,Dungeon.html
1942,Eyesoar.html,is,Boss,of,Skull_Dungeon.html
1943,Ezlo.html,is,Character,from,The_Legend_of_Zelda__The_Minish_Cap.html
1944,Fabulous_Five_Froggish_Tenors.html,are,Character,from,The_Legend_of_Zelda__Ocarina_of_Time.html
1945,Fabulous_Five_Froggish_Tenors.html,are,Group,in,The_Legend_of_Zelda__Ocarina_of_Time.html
1946,Fabulously_Rich_Family.html,are,Character,from,The_Legend_of_Zelda__Ocarina_of_Time.html
1947,Face_Key.html,is,Item,from,The_Legend_of_Zelda__Link%27s_Awakening.html
1948,Face_Shrine_(Dungeon).html,is,Dungeon,in,The_Legend_of_Zelda__Link%27s_Awakening.html
1949,Face_Shrine_(dungeon).html,is,Dungeon,in,The_Legend_of_Zelda__Link%27s_Awakening.html
1950,Face_Shrine_(region).html,is,Location,from,The_Legend_of_Zelda__Link%27s_Awakening.html
1951,Face_the_Frost_Talus.html,is,Quest,in,The_Legend_of_Zelda__Breath_of_the_Wild.html
1952,Fado_(Ocarina_of_Time).html,is,Character,from,The_Legend_of_Zelda__Ocarina_of_Time.html
1953,Fado_(Ocarina_of_Time).html,is,Character,in,The_Legend_of_Zelda__Ocarina_of_Time.html
1954,Fado_(The_Wind_Waker).html,is,Character,from,The_Legend_of_Zelda__Ocarina_of_Time.html
1955,Fado_(Twilight_Princess).html,is,Character,in,The_Legend_of_Zelda__Twilight_Princess.html
1956,Failed_Experiment.html,is,Item,from,The_Legend_of_Zelda__Breath_of_the_Wild.html
1957,Fairy_Bow.html,is,Item,of,Forest_Temple_(Ocarina_of_Time).html
1958,Fairy_Bow.html,is,Item,throughout,The_Legend_of_Zelda__The_Wind_Waker.html
1959,Fairy_Bow.html,is,Item,throughout,The_Legend_of_Zelda__The_Wind_Waker.html
1960,Fairy_Doll.html,is,Item,from,Freshly-Picked_Tingle%27s_Rosy_Rupeeland.html
1961,Fairy_Doll.html,is,Item,in,Freshly-Picked_Tingle%27s_Rosy_Rupeeland.html
1962,Fairy_Dust.html,is,Item,in,The_Legend_of_Zelda_(Series).html
1963,Fairy_Fountain.html,are,Location,in,The_Legend_of_Zelda_series.html
1964,Fairy_Fountain_(Theme).html,is,Song,in,The_Legend_of_Zelda_(Series).html
1965,Fairy_Garden.html,is,Location,from,Rupeeland.html
1966,Fairy_Lantern.html,is,Item,in,The_Legend_of_Zelda_(Series).html
1967,Fairy_Lover.html,is,Character,from,Freshly-Picked_Tingle%27s_Rosy_Rupeeland.html
1968,Fairy_Ocarina.html,is,Item,from,The_Legend_of_Zelda__Ocarina_of_Time.html
1969,Fairy_Ocarina.html,is,Item,in,The_Legend_of_Zelda__Ocarina_of_Time.html
1970,Fairy_Pond.html,are,Location,in,The_Legend_of_Zelda_series.html
1971,Fairy_Pool.html,is,Location,in,Zelda__The_Wand_of_Gamelon.html
1972,Fairy_Queen.html,is,Character,in,The_Legend_of_Zelda_series.html
1973,Fairy_Slingshot.html,is,Item,from,The_Legend_of_Zelda__Ocarina_of_Time.html
1974,Fairy_Slingshot.html,is,Item,in,The_Legend_of_Zelda__Ocarina_of_Time.html
1975,Fairy_Tears.html,are,Item,in,The_Legend_of_Zelda__Twilight_Princess.html
1976,Fairy_Tonic.html,is,Item,from,The_Legend_of_Zelda__Breath_of_the_Wild.html
1977,Falbi.html,is,Character,in,The_Legend_of_Zelda__Twilight_Princess.html
1978,Falcon_Bow.html,is,Item,in,The_Legend_of_Zelda__Breath_of_the_Wild.html
1979,Falmark.html,is,Character,in,The_Legend_of_Zelda__Breath_of_the_Wild.html
1980,Fanadi's_Palace.html,is,Location,in,The_Legend_of_Zelda__Twilight_Princess.html
1981,Fanadi.html,is,Character,in,The_Legend_of_Zelda__Twilight_Princess.html
1982,Fang_and_Bone.html,is,Shop,from,The_Legend_of_Zelda__Breath_of_the_Wild.html
1983,Fang_and_Bone.html,is,Shop,in,The_Legend_of_Zelda__Breath_of_the_Wild.html
1984,Farewell_to_Gibdos.html,is,Song,from,The_Legend_of_Zelda__Majora%27s_Mask.html
1985,Farmer's_Pitchfork.html,is,Item,in,The_Legend_of_Zelda__Breath_of_the_Wild.html
1986,Farming_Hoe.html,is,Item,in,The_Legend_of_Zelda__Breath_of_the_Wild.html
1987,Faron_(Breath_of_the_Wild).html,is,Location,from,The_Legend_of_Zelda__Breath_of_the_Wild.html
1988,Faron_(Dragon).html,is,Character,in,The_Legend_of_Zelda__Skyward_Sword.html
1989,Faron_(Skyward_Sword).html,is,Character,from,The_Legend_of_Zelda__Skyward_Sword.html
1990,Faron_(Skyward_Sword).html,is,Character,in,The_Legend_of_Zelda__Skyward_Sword.html
1991,Faron_Grasslands.html,are,Location,in,The_Legend_of_Zelda__Breath_of_the_Wild.html
1992,Faron_High_Road.html,is,Location,from,The_Legend_of_Zelda__Breath_of_the_Wild.html
1993,Faron_Sea.html,is,Location,in,The_Legend_of_Zelda__Breath_of_the_Wild.html
1994,Faron_Spring.html,is,Location,in,The_Legend_of_Zelda__Twilight_Princess.html
1995,Faron_Tower.html,is,Location,in,The_Legend_of_Zelda__Breath_of_the_Wild.html
1996,Faron_Woods.html,is,Location,in,The_Legend_of_Zelda__Skyward_Sword.html
1997,Faron_Woods_(Hyrule_Warriors).html,is,Stage,in,Hyrule_Warriors.html
1998,Faron_Woods_(Stage).html,is,Stage,in,Hyrule_Warriors.html
1999,Farore's_Charm.html,is,Item,from,The_Legend_of_Zelda__The_Minish_Cap.html
2000,Farore's_Courage.html,is,Song,from,The_Legend_of_Zelda__Skyward_Sword.html
2001,Farore's_Flame.html,are,Item,from,Hyrule.html#The_Legend_of_Zelda:_Skyward_Sword
2002,Farore's_Pearl.html,are,Item,from,The_Legend_of_Zelda__The_Wind_Waker.html
2003,Farore's_Wind_I.html,are,Object,in,Hyrule_Warriors_Legends.html
2004,Farore's_Wind_II.html,are,Object,in,Hyrule_Warriors_Legends.html
2005,Farore's_Wind_III.html,are,Object,in,Hyrule_Warriors_Legends.html
2006,Farore_(Oracle).html,is,Character,in,The_Legend_of_Zelda_(Series).html
2007,Farore_(goddess).html,is,Character,in,The_Legend_of_Zelda_series.html
2008,Farosh's_Horn.html,is,Item,from,The_Legend_of_Zelda__Breath_of_the_Wild.html
2009,Farosh.html,is,Character,from,The_Legend_of_Zelda__Breath_of_the_Wild.html
2010,Farosh_Hills.html,is,Location,in,The_Legend_of_Zelda__Breath_of_the_Wild.html
2011,Fashion_Passion.html,is,Location,from,The_Legend_of_Zelda__Breath_of_the_Wild.html
2012,Fat_Faerie.html,is,Character,in,The_Legend_of_Zelda__A_Link_to_the_Past.html
2013,Fat_Fairy.html,is,Character,in,The_Legend_of_Zelda__A_Link_to_the_Past.html
2014,Father's_Letter.html,is,Item,from,The_Legend_of_Zelda__The_Wind_Waker.html
2015,Father's_Letter.html,is,Item,in,The_Legend_of_Zelda__The_Wind_Waker.html
2016,Faux_Hero.html,is,Character,in,The_Legend_of_Zelda__Tri_Force_Heroes.html
2017,Faáade_(Link's_Awakening).html,is,Boss,of,Face_Shrine_(dungeon).html
2018,Fear_Cannon.html,are,Object,in,The_Legend_of_Zelda__Phantom_Hourglass.html
2019,Feathered_Edge.html,is,Item,in,The_Legend_of_Zelda__Breath_of_the_Wild.html
2020,Feathered_Spear.html,is,Item,in,The_Legend_of_Zelda__Breath_of_the_Wild.html
2021,Fegran.html,is,Character,in,The_Legend_of_Zelda__Breath_of_the_Wild.html
2022,Fegran.html,is,Character,in,The_Legend_of_Zelda__Breath_of_the_Wild.html
2023,Felicia.html,is,Character,from,The_Legend_of_Zelda_series_manga.html
2024,Ferris_Wheel.html,is,Location,from,The_Legend_of_Zelda__The_Wind_Waker.html
2025,Ferrus.html,is,Character,from,The_Legend_of_Zelda__Spirit_Tracks.html
2026,Festari.html,is,Character,from,The_Legend_of_Zelda__The_Minish_Cap.html
2027,Festari.html,is,Character,in,The_Legend_of_Zelda__The_Minish_Cap.html
2028,Festival_Tower.html,is,Location,from,The_Legend_of_Zelda__Majora%27s_Mask.html
2029,Fierce_Deity's_Mask.html,is,Item,from,The_Legend_of_Zelda__Breath_of_the_Wild.html
2030,Fierce_Deity's_Mask.html,is,Item,in,The_Legend_of_Zelda_(Series).html
2031,Fierce_Deity's_Mask_I.html,are,Object,in,Hyrule_Warriors_Legends.html
2032,Fierce_Deity's_Mask_II.html,are,Object,in,Hyrule_Warriors_Legends.html
2033,Fierce_Deity_Armor.html,is,Item,in,The_Legend_of_Zelda_series.html
2034,Fierce_Deity_Armor.html,is,Item,in,The_Legend_of_Zelda_(Series).html
2035,Fierce_Deity_Boots.html,are,Item,in,The_Legend_of_Zelda__Breath_of_the_Wild.html
2036,Fierce_Deity_Mask.html,is,Item,from,The_Legend_of_Zelda__Breath_of_the_Wild.html
2037,Fierce_Deity_Mask.html,is,Item,in,The_Legend_of_Zelda_(Series).html
2038,Fierce_Deity_Sword.html,is,Sword,from,The_Legend_of_Zelda__Breath_of_the_Wild.html
2039,Fierce_Diety's_Mask.html,is,Item,in,The_Legend_of_Zelda_(Series).html
2040,Fiery_Aeralfos.html,are,Enemy,of,Aeralfos.html
2041,Fiery_Aeralfos.html,are,Enemy,in,The_Legend_of_Zelda_(Series).html
2042,Fifi.html,is,Character,from,The_Legend_of_Zelda__The_Minish_Cap.html
2043,Fifth_Palace.html,is,Dungeon,in,Link.html
2044,Fighter's_Shield.html,is,Shield,from,The_Legend_of_Zelda__A_Link_to_the_Past.html
2045,Fighter's_Shield.html,is,Shield,in,The_Legend_of_Zelda__A_Link_to_the_Past.html
2046,Fighter's_Sword.html,is,Sword,from,The_Legend_of_Zelda__A_Link_to_the_Past.html
2047,Fill-Up_Coupon.html,is,Item,from,The_Legend_of_Zelda__The_Wind_Waker.html
2048,Fin.html,is,Character,in,The_Legend_of_Zelda__Breath_of_the_Wild.html
2049,Find_Kheel.html,is,Quest,in,The_Legend_of_Zelda__Breath_of_the_Wild.html
2050,Find_the_Fairy_Fountain.html,is,Quest,from,The_Legend_of_Zelda__Breath_of_the_Wild.html
2051,Finley's_Letter.html,is,Item,from,The_Legend_of_Zelda__Breath_of_the_Wild.html
2052,Finley.html,is,Character,from,The_Legend_of_Zelda__Breath_of_the_Wild.html
2053,Finley.html,is,Character,in,The_Legend_of_Zelda__Breath_of_the_Wild.html
2054,Finra_Woods.html,is,Location,in,The_Legend_of_Zelda__Breath_of_the_Wild.html
2055,Fir_River.html,is,Location,in,The_Legend_of_Zelda__Breath_of_the_Wild.html
2056,Fire-Breath_Lizalfos.html,are,Enemy,from,The_Legend_of_Zelda__Breath_of_the_Wild.html
2057,Fire-Breath_Lizalfos.html,are,Enemy,in,The_Legend_of_Zelda__Breath_of_the_Wild.html
2058,Fire.html,are,Object,in,The_Legend_of_Zelda_(Series).html
2059,Fire_Arrow.html,are,Item,in,The_Legend_of_Zelda_series.html
2060,Fire_Arrow.html,are,Item,in,The_Legend_of_Zelda_(Series).html
2061,Fire_Arrows.html,are,Item,in,The_Legend_of_Zelda_series.html
2062,Fire_Barrier.html,is,Dungeon,in,The_Legend_of_Zelda__Ocarina_of_Time.html
2063,Fire_Bubble.html,are,Enemy,in,The_Legend_of_Zelda_(Series).html
2064,Fire_Cephalopod.html,is,Dungeon,in,The_Legend_of_Zelda__Link%27s_Awakening.html
2065,Fire_Chuchu.html,are,Enemy,in,The_Legend_of_Zelda__Breath_of_the_Wild.html
2066,Fire_Element.html,are,Item,from,The_Legend_of_Zelda__The_Minish_Cap.html
2067,Fire_Glove.html,is,Item,in,The_Legend_of_Zelda__Tri_Force_Heroes.html
2068,Fire_Glove.html,are,Item,in,The_Legend_of_Zelda__Tri_Force_Heroes.html
2069,Fire_Gloves.html,are,Item,in,The_Legend_of_Zelda__Tri_Force_Heroes.html
2070,Fire_Keeleon.html,are,Enemy,in,The_Legend_of_Zelda__Tri_Force_Heroes.html
2071,Fire_Keese.html,are,Enemy,in,The_Legend_of_Zelda_series.html
2072,Fire_Keese.html,are,Enemy,in,The_Legend_of_Zelda_(Series).html
2073,Fire_Keese_Wing.html,are,Item,from,The_Legend_of_Zelda__Breath_of_the_Wild.html
2074,Fire_Medallion.html,are,Item,from,The_Legend_of_Zelda__Ocarina_of_Time.html
2075,Fire_Mountain.html,is,Location,from,The_Legend_of_Zelda__The_Wind_Waker.html
2076,Fire_Realm.html,is,Location,from,The_Legend_of_Zelda__Spirit_Tracks.html
2077,Fire_Stalfos.html,are,Enemy,in,The_Legend_of_Zelda_(Series).html
2078,Fire_Sword.html,is,Item,in,Link__The_Faces_of_Evil.html
2079,Fire_Toadpoli.html,are,Enemy,in,The_Legend_of_Zelda__Twilight_Princess.html
2080,Fire_Wizzrobe.html,are,Enemy,from,The_Legend_of_Zelda__Breath_of_the_Wild.html
2081,Fire_Wizzrobe.html,are,Enemy,in,The_Legend_of_Zelda_(Series).html
2082,Fireblight_Ganon.html,is,Boss,in,The_Legend_of_Zelda__Breath_of_the_Wild.html
2083,Fireblight_Ganon.html,is,Boss,in,The_Legend_of_Zelda__Breath_of_the_Wild.html
2084,Fireproof_Elixir.html,is,Item,from,The_Legend_of_Zelda__Breath_of_the_Wild.html
2085,Fireproof_Lizard_Roundup.html,is,Quest,in,The_Legend_of_Zelda__Breath_of_the_Wild.html
2086,Fireproof_Lizard_Roundup.html,is,Quest,in,The_Legend_of_Zelda__Breath_of_the_Wild.html
2087,Firerobe.html,are,Enemy,in,The_Legend_of_Zelda_(Series).html
2088,Fireshield_Earrings.html,are,Item,from,The_Legend_of_Zelda__Skyward_Sword.html
2089,Fireshield_Earrings.html,are,Item,in,The_Legend_of_Zelda__Skyward_Sword.html
2090,Firestone.html,are,Item,in,Link__The_Faces_of_Evil.html
2091,Firestone_Lake.html,is,Location,in,Link__The_Faces_of_Evil.html
2092,Firly_Plateau.html,is,Location,in,The_Legend_of_Zelda__Breath_of_the_Wild.html
2093,Firly_Pond.html,is,Location,in,The_Legend_of_Zelda__Breath_of_the_Wild.html
2094,Firly_Pond.html,is,Location,in,The_Legend_of_Zelda__Breath_of_the_Wild.html
2095,First_Gatehouse.html,is,Location,from,The_Legend_of_Zelda__Breath_of_the_Wild.html
2096,First_Gatehouse.html,is,Dungeon,of,The_Legend_of_Zelda__Breath_of_the_Wild.html
2097,First_Mate.html,is,Character,from,Freshly-Picked_Tingle%27s_Rosy_Rupeeland.html
2098,Fish_Journal.html,is,Item,in,The_Legend_of_Zelda_series.html
2099,Fish_Lady.html,is,Character,in,Link__The_Faces_of_Evil.html
2100,Fish_Pie.html,is,Item,from,The_Legend_of_Zelda__Breath_of_the_Wild.html
2101,Fish_Rock.html,is,Location,from,Freshly-Picked_Tingle%27s_Rosy_Rupeeland.html
2102,Fish_Saleswoman.html,is,Character,from,The_Legend_of_Zelda__Spirit_Tracks.html
2103,Fish_Saleswoman.html,is,Character,in,The_Legend_of_Zelda__Spirit_Tracks.html
2104,Fish_Skewer.html,is,Item,from,The_Legend_of_Zelda__Breath_of_the_Wild.html
2105,Fish_and_Mushroom_Skewer.html,is,Item,from,The_Legend_of_Zelda__Breath_of_the_Wild.html
2106,Fisherman's_Hut.html,is,Location,from,Gerudo.html#The_Legend_of_Zelda:_Majora.27s_Mask
2107,Fisherman's_Hut.html,is,Location,in,The_Legend_of_Zelda__Majora%27s_Mask.html
2108,Fisherman's_Island.html,is,Location,from,The_Legend_of_Zelda__Majora%27s_Mask.html
2109,Fisherman's_Shield.html,is,Item,in,The_Legend_of_Zelda__Breath_of_the_Wild.html
2110,Fisherman.html,is,Character,in,The_Legend_of_Zelda_(Series).html
2111,Fisherman_(Link's_Awakening).html,is,Character,from,The_Legend_of_Zelda__Link%27s_Awakening.html
2112,Fisherman_(Majora's_Mask).html,is,Character,from,The_Legend_of_Zelda__Majora%27s_Mask.html
2113,Fishing_Harpoon.html,is,Item,in,The_Legend_of_Zelda__Breath_of_the_Wild.html
2114,Fishing_Hole.html,is,Location,in,The_Legend_of_Zelda_(Series).html
2115,Fishing_Hole_Man.html,is,Character,in,The_Legend_of_Zelda_(Series).html
2116,Fishing_Hole_Men.html,is,Character,in,The_Legend_of_Zelda_(Series).html
2117,Fishing_Hook.html,is,Item,from,The_Legend_of_Zelda__Link%27s_Awakening.html
2118,Fishing_Pond.html,is,Location,in,The_Legend_of_Zelda_series.html
2119,Fishing_Pond.html,is,Location,in,The_Legend_of_Zelda_(Series).html
2120,Fishing_Pond_Man.html,is,Character,in,The_Legend_of_Zelda_(Series).html
2121,Fishing_Resort.html,is,Location,from,The_Legend_of_Zelda__Breath_of_the_Wild.html
2122,Fishing_Resort.html,is,Location,in,The_Legend_of_Zelda__Breath_of_the_Wild.html
2123,Fishing_Rod.html,is,Item,in,The_Legend_of_Zelda_series.html
2124,Fishing_Rod.html,is,Item,in,The_Legend_of_Zelda__Phantom_Hourglass.html
2125,Fissure.html,are,Object,from,The_Legend_of_Zelda__A_Link_Between_Worlds.html
2126,Fist_Ring.html,are,Item,in,The_Legend_of_Zelda__Oracle_of_Ages.html
2127,Five-Eye_Reef.html,is,Location,from,The_Legend_of_Zelda__The_Wind_Waker.html
2128,Five-Star_Isles.html,is,Location,from,The_Legend_of_Zelda__The_Wind_Waker.html
2129,Five-Star_Isles.html,is,Location,in,The_Legend_of_Zelda__The_Wind_Waker.html
2130,Five_Fabulous_Frogs.html,are,Group,in,The_Legend_of_Zelda__Ocarina_of_Time.html
2131,Flame_Lantern.html,is,Item,from,The_Legend_of_Zelda__The_Minish_Cap.html
2132,Flame_Lantern.html,is,Item,in,The_Legend_of_Zelda__The_Minish_Cap.html
2133,Flameblade.html,is,Item,from,The_Legend_of_Zelda__Breath_of_the_Wild.html
2134,Flameblade.html,are,Weapon,in,The_Legend_of_Zelda__Breath_of_the_Wild.html
2135,Flamebreaker_Armor.html,is,Item,from,The_Legend_of_Zelda__Breath_of_the_Wild.html
2136,Flamebreaker_Armor.html,is,Item,in,The_Legend_of_Zelda__Breath_of_the_Wild.html
2137,Flamebreaker_Boots.html,is,Item,in,The_Legend_of_Zelda__Breath_of_the_Wild.html
2138,Flamebreaker_Boots.html,are,Item,in,The_Legend_of_Zelda__Breath_of_the_Wild.html
2139,Flamebreaker_Helm.html,is,Item,from,The_Legend_of_Zelda__Breath_of_the_Wild.html
2140,Flamebreaker_Helm.html,is,Item,in,The_Legend_of_Zelda__Breath_of_the_Wild.html
2141,Flamespear.html,is,Item,from,The_Legend_of_Zelda__Breath_of_the_Wild.html
2142,Flamola.html,are,Enemy,from,The_Legend_of_Zelda__A_Link_Between_Worlds.html
2143,Flat.html,is,Character,in,The_Legend_of_Zelda_series.html
2144,Flavi.html,is,Character,from,The_Legend_of_Zelda__Breath_of_the_Wild.html
2145,Flaxel.html,is,Character,in,The_Legend_of_Zelda__Breath_of_the_Wild.html
2146,Fledge.html,is,Character,from,The_Legend_of_Zelda__Skyward_Sword.html
2147,Fledge.html,is,Character,in,The_Legend_of_Zelda__Skyward_Sword.html
2148,Fleet-Lotus_Seeds.html,are,Item,from,The_Legend_of_Zelda__Breath_of_the_Wild.html
2149,Flight_Control_Platform.html,is,Location,from,The_Legend_of_Zelda__The_Wind_Waker.html
2150,Flight_Range.html,is,Location,in,The_Legend_of_Zelda__Breath_of_the_Wild.html
2151,Flint.html,is,Item,from,The_Legend_of_Zelda__Breath_of_the_Wild.html
2152,Flint.html,are,Item,in,The_Legend_of_Zelda__Breath_of_the_Wild.html
2153,Flippers.html,are,Item,in,The_Legend_of_Zelda_(Series).html
2154,Flooded_Zone.html,is,Location,in,The_Legend_of_Zelda__Tri_Force_Heroes.html
2155,Floor_Master.html,are,Enemy,in,The_Legend_of_Zelda_(Series).html
2156,Floormaster.html,are,Enemy,in,The_Legend_of_Zelda_series.html
2157,Floormaster.html,are,Enemy,in,The_Legend_of_Zelda_(Series).html
2158,Floormasters.html,are,Enemy,in,The_Legend_of_Zelda_(Series).html
2159,Floret_Sandbar.html,is,Location,from,The_Legend_of_Zelda__Breath_of_the_Wild.html
2160,Floret_Sandbar.html,is,Location,in,The_Legend_of_Zelda__Breath_of_the_Wild.html
2161,Floria_Bridge.html,is,Location,from,The_Legend_of_Zelda__Breath_of_the_Wild.html
2162,Floria_Falls.html,are,Location,in,The_Legend_of_Zelda__Breath_of_the_Wild.html
2163,Floria_River.html,is,Location,from,The_Legend_of_Zelda__Breath_of_the_Wild.html
2164,Flurris.html,is,Character,from,The_Legend_of_Zelda__The_Minish_Cap.html
2165,Flute.html,is,Item,in,The_Legend_of_Zelda.html
2166,Flute.html,are,Item,in,The_Legend_of_Zelda_(Series).html
2167,Flute_Boy's_Father.html,is,Character,from,The_Legend_of_Zelda__A_Link_to_the_Past.html
2168,Flute_Boy.html,is,Character,from,The_Legend_of_Zelda__A_Link_Between_Worlds.html
2169,Flute_Boy.html,is,Character,in,The_Legend_of_Zelda_(Series).html
2170,Flying_Carpet.html,is,Character,in,The_Legend_of_Zelda__Ocarina_of_Time.html
2171,Flying_Fish.html,are,Enemy,from,The_Legend_of_Zelda__Phantom_Hourglass.html
2172,Flying_Rooster.html,is,Character,from,The_Legend_of_Zelda__Link%27s_Awakening.html
2173,Flying_Rooster.html,is,Character,in,The_Legend_of_Zelda__Link%27s_Awakening.html
2174,Fofo.html,is,Character,from,The_Legend_of_Zelda__Phantom_Hourglass.html
2175,Fokka.html,are,Enemy,from,Zelda_II__The_Adventure_of_Link.html
2176,Fokkeru.html,are,Enemy,from,Zelda_II__The_Adventure_of_Link.html
2177,Follow_the_Sheikah_Slate.html,is,Quest,from,The_Legend_of_Zelda__Breath_of_the_Wild.html
2178,Follow_the_Sheikah_Slate.html,is,Quest,in,The_Legend_of_Zelda__Breath_of_the_Wild.html
2179,Food.html,is,Item,in,The_Legend_of_Zelda.html
2180,Fool's_Ore.html,are,Item,in,The_Legend_of_Zelda__Oracle_of_Seasons.html
2181,Foolish_Monkey.html,is,Character,in,The_Legend_of_Zelda__Majora%27s_Mask.html
2182,Foot_Switch.html,are,Object,in,The_Legend_of_Zelda_series.html
2183,Foothill_Stable.html,is,Location,in,Eldin_Canyon.html
2184,Forbidden_City_Entry.html,is,Quest,from,The_Legend_of_Zelda__Breath_of_the_Wild.html
2185,Forbidden_Woods.html,is,Dungeon,in,The_Legend_of_Zelda__The_Wind_Waker.html
2186,Force_Fragment.html,are,Item,in,The_Legend_of_Zelda_series.html
2187,Force_Gem.html,are,Item,in,The_Legend_of_Zelda_series.html
2188,Force_Gem_Mimic.html,are,Enemy,from,The_Legend_of_Zelda__Four_Swords_Adventures.html
2189,Forces.html,are,Group,in,Hyrule_Warriors.html
2190,Foreman_(Freshly-Picked_Tingle's_Rosy_Rupeeland).html,is,Character,from,Freshly-Picked_Tingle%27s_Rosy_Rupeeland.html
2191,Forest's_General_Store.html,is,Shop,from,The_Legend_of_Zelda__Spirit_Tracks.html
2192,Forest's_General_Store.html,is,Location,in,The_Legend_of_Zelda__Spirit_Tracks.html
2193,Forest_Dweller's_Bow.html,is,Item,in,The_Legend_of_Zelda__Breath_of_the_Wild.html
2194,Forest_Dweller's_Shield.html,is,Item,in,The_Legend_of_Zelda__Breath_of_the_Wild.html
2195,Forest_Dweller's_Spear.html,is,Item,in,The_Legend_of_Zelda__Breath_of_the_Wild.html
2196,Forest_Dweller's_Sword.html,is,Item,from,The_Legend_of_Zelda__Breath_of_the_Wild.html
2197,Forest_Haven.html,is,Location,from,The_Legend_of_Zelda__The_Wind_Waker.html
2198,Forest_Haven.html,is,Location,in,The_Legend_of_Zelda__The_Wind_Waker.html
2199,Forest_Octorok.html,are,Enemy,in,The_Legend_of_Zelda__Breath_of_the_Wild.html
2200,Forest_Realm.html,is,Location,from,The_Legend_of_Zelda__Spirit_Tracks.html
2201,Forest_Sage.html,is,Character,in,Forest_Temple_(Ocarina_of_Time).html
2202,Forest_Sanctuary.html,is,Location,in,The_Legend_of_Zelda__Spirit_Tracks.html
2203,Forest_Stage.html,is,Location,from,The_Legend_of_Zelda__Ocarina_of_Time.html
2204,Forest_Training_Center.html,is,Location,from,The_Legend_of_Zelda__Ocarina_of_Time.html
2205,Forest_Training_Center.html,is,Location,within,Kokiri_Forest.html
2206,Forest_Water.html,is,Item,from,The_Legend_of_Zelda__The_Wind_Waker.html#Remake
2207,Forest_Water.html,is,Item,in,The_Legend_of_Zelda__The_Wind_Waker.html
2208,Forest_Zone.html,is,Location,in,The_Legend_of_Zelda__Tri_Force_Heroes.html
2209,Forest_of_Aibon.html,is,Location,in,Zelda%27s_Adventure.html
2210,Forest_of_Canvula.html,is,Location,in,Zelda%27s_Adventure.html
2211,Forest_of_Fairies.html,is,Location,from,The_Legend_of_Zelda__The_Wind_Waker.html
2212,Forest_of_Light.html,is,Stage,in,The_Legend_of_Zelda__Four_Swords_Adventures.html
2213,Forest_of_Ogbam.html,is,Location,of,Shrine_of_Earth.html
2214,Forest_of_Spirits.html,is,Location,from,The_Legend_of_Zelda__Breath_of_the_Wild.html
2215,Forest_of_Spirits.html,is,Location,in,The_Legend_of_Zelda__Breath_of_the_Wild.html
2216,Forest_of_Time.html,is,Location,in,The_Legend_of_Zelda_(Series).html
2217,Forest_of_Torian.html,is,Location,in,Zelda%27s_Adventure.html
2218,Forgotten_Sword.html,is,Sword,from,The_Legend_of_Zelda__A_Link_Between_Worlds.html
2219,Forgotten_Sword.html,is,Sword,in,The_Legend_of_Zelda__A_Link_Between_Worlds.html
2220,Forgotten_Temple.html,is,Location,from,The_Legend_of_Zelda__Breath_of_the_Wild.html
2221,Forgotten_Temple.html,is,Location,in,The_Legend_of_Zelda__Breath_of_the_Wild.html
2222,Forked_Lizal_Spear.html,is,Item,in,The_Legend_of_Zelda__Breath_of_the_Wild.html
2223,Forsaken_Fortress.html,is,Dungeon,from,The_Legend_of_Zelda__The_Wind_Waker.html
2224,Fort_Hateno.html,is,Location,in,The_Legend_of_Zelda__Breath_of_the_Wild.html
2225,Fortified_Pumpkin.html,are,Item,from,The_Legend_of_Zelda__Breath_of_the_Wild.html
2226,Fortified_Shield.html,is,Shield,in,The_Legend_of_Zelda__Skyward_Sword.html
2227,Fortified_Zone.html,is,Location,in,The_Legend_of_Zelda__Tri_Force_Heroes.html
2228,Fortress_of_Winds.html,is,Dungeon,in,The_Legend_of_Zelda__The_Minish_Cap.html
2229,Fortress_of_Winds.html,is,Location,in,Dungeons_in_The_Minish_Cap.html
2230,Fortune's_Choice_Guy.html,is,Character,from,The_Legend_of_Zelda__A_Link_Between_Worlds.html
2231,Fortune-Teller.html,is,Shop,from,The_Legend_of_Zelda__Skyward_Sword.html
2232,Fortune_Goddess.html,is,Character,from,The_Legend_of_Zelda__The_Wind_Waker.html
2233,Fortune_Teller.html,is,Character,from,The_Legend_of_Zelda.html
2234,Foul_Fruit.html,is,Item,from,The_Legend_of_Zelda__A_Link_Between_Worlds.html
2235,Fountain_Idol.html,is,Item,in,Quest_for_the_Shop_Guru_Statue.html
2236,Fountain_Idol.html,are,Item,in,The_Legend_of_Zelda__The_Wind_Waker.html
2237,Fountain_of_Life.html,is,Location,in,Zelda__The_Wand_of_Gamelon.html
2238,Four-Eye_Reef.html,is,Location,from,The_Legend_of_Zelda__The_Wind_Waker.html
2239,Four_Giants.html,are,Character,from,The_Legend_of_Zelda__Majora%27s_Mask.html
2240,Four_Giants.html,are,Character,in,The_Legend_of_Zelda__Majora%27s_Mask.html
2241,Four_Knights_of_the_Cobble_Kingdom.html,is,Group,from,The_Legend_of_Zelda__Phantom_Hourglass.html
2242,Four_Sword.html,is,Sword,in,The_Legend_of_Zelda__The_Minish_Cap.html
2243,Four_Sword_Sanctuary.html,is,Location,in,The_Legend_of_Zelda_series.html
2244,Four_Sword_Sanctuary.html,is,Location,in,The_Legend_of_Zelda_(Series).html
2245,Four_Sword_Shrine.html,is,Location,in,The_Legend_of_Zelda_(Series).html
2246,Fraaz.html,is,Boss,from,The_Legend_of_Zelda__Spirit_Tracks.html
2247,Fraaz.html,is,Boss,of,Snow_Temple.html
2248,Fragrant_Mushroom_SautÇ.html,is,Item,from,The_Legend_of_Zelda__Breath_of_the_Wild.html
2249,Free_the_Divine_Beasts.html,is,Quest,from,The_Legend_of_Zelda__Breath_of_the_Wild.html
2250,Free_the_Divine_Beasts.html,is,Quest,from,The_Legend_of_Zelda__Breath_of_the_Wild.html
2251,Freedle.html,is,Character,from,The_Legend_of_Zelda__Phantom_Hourglass.html
2252,Freedle.html,is,Character,in,The_Legend_of_Zelda__Phantom_Hourglass.html
2253,Freezlord.html,is,Boss,of,Snowball_Ravine.html
2254,Freezor.html,are,Enemy,from,The_Legend_of_Zelda__A_Link_to_the_Past.html
2255,Frelly.html,is,Character,in,The_Legend_of_Zelda__Breath_of_the_Wild.html
2256,Frelly.html,is,Character,in,The_Legend_of_Zelda__Breath_of_the_Wild.html
2257,Fresh_Milk.html,is,Item,from,The_Legend_of_Zelda__Breath_of_the_Wild.html
2258,Fried_Bananas.html,is,Item,from,The_Legend_of_Zelda__Breath_of_the_Wild.html
2259,Fried_Wild_Greens.html,are,Item,in,The_Legend_of_Zelda__Breath_of_the_Wild.html
2260,Frita.html,is,Character,in,The_Legend_of_Zelda__Breath_of_the_Wild.html
2261,Frita.html,is,Character,in,The_Legend_of_Zelda__Breath_of_the_Wild.html
2262,Froak.html,are,Enemy,from,The_Legend_of_Zelda__Skyward_Sword.html
2263,Froak.html,are,Enemy,in,The_Legend_of_Zelda__Skyward_Sword.html
2264,Frog's_Song_of_Soul.html,is,Song,from,The_Legend_of_Zelda__Link%27s_Awakening.html
2265,Frog_Catching.html,is,Quest,in,The_Legend_of_Zelda__Breath_of_the_Wild.html
2266,Frog_Choir.html,is,Group,from,The_Legend_of_Zelda__Majora%27s_Mask.html
2267,Frog_Choir.html,is,Group,in,The_Legend_of_Zelda__Majora%27s_Mask.html
2268,Frog_Tongue.html,are,Object,from,The_Legend_of_Zelda__Skyward_Sword.html
2269,From_the_Ground_Up.html,is,Quest,in,The_Legend_of_Zelda__Breath_of_the_Wild.html
2270,Fronk.html,is,Character,from,The_Legend_of_Zelda__Breath_of_the_Wild.html
2271,Fronk.html,is,Character,in,The_Legend_of_Zelda__Breath_of_the_Wild.html
2272,Frost_Pebblit.html,are,Enemy,from,The_Legend_of_Zelda__Breath_of_the_Wild.html
2273,Frost_Talus.html,is,Boss,in,The_Legend_of_Zelda__Breath_of_the_Wild.html
2274,Frostare.html,is,Boss,of,Tower_of_Winds.html
2275,Frostblade.html,is,Item,from,The_Legend_of_Zelda__Breath_of_the_Wild.html
2276,Frostspear.html,is,Item,from,The_Legend_of_Zelda__Breath_of_the_Wild.html
2277,Frozen_Bass.html,is,Item,from,The_Legend_of_Zelda__Breath_of_the_Wild.html
2278,Frozen_Bird_Drumstick.html,is,Item,from,The_Legend_of_Zelda__Breath_of_the_Wild.html
2279,Frozen_Bird_Thigh.html,is,Item,from,The_Legend_of_Zelda__Breath_of_the_Wild.html
2280,Frozen_Carp.html,is,Item,from,The_Legend_of_Zelda__Breath_of_the_Wild.html
2281,Frozen_Crab.html,is,Item,from,The_Legend_of_Zelda__Breath_of_the_Wild.html
2282,Frozen_Hearty_Bass.html,is,Item,from,The_Legend_of_Zelda__Breath_of_the_Wild.html
2283,Frozen_Hearty_Salmon.html,is,Item,from,The_Legend_of_Zelda__Breath_of_the_Wild.html
2284,Frozen_Hyrule_(level).html,is,Location,from,The_Legend_of_Zelda__Four_Swords_Adventures.html
2285,Frozen_Hyrule_(location).html,is,Location,from,The_Legend_of_Zelda__Four_Swords_Adventures.html
2286,Frozen_Porgy.html,is,Item,in,The_Legend_of_Zelda__Breath_of_the_Wild.html
2287,Frozen_River_Snail.html,is,Item,from,The_Legend_of_Zelda__Breath_of_the_Wild.html
2288,Frozen_Trout.html,is,Item,from,The_Legend_of_Zelda__Breath_of_the_Wild.html
2289,Frozen_Whole_Bird.html,is,Item,from,The_Legend_of_Zelda__Breath_of_the_Wild.html
2290,Frozen_Zone.html,is,Location,in,The_Legend_of_Zelda__Tri_Force_Heroes.html
2291,Fruit_Pie.html,is,Item,from,The_Legend_of_Zelda__Breath_of_the_Wild.html
2292,Fruit_and_Mushroom_Mix.html,is,Item,from,The_Legend_of_Zelda__Breath_of_the_Wild.html
2293,Fruitcake.html,is,Item,from,The_Legend_of_Zelda__Breath_of_the_Wild.html
2294,Frypolar.html,is,Boss,of,Sword_%26_Shield_Maze.html
2295,Fugo.html,is,Character,from,The_Legend_of_Zelda__Breath_of_the_Wild.html
2296,Fugo.html,is,Character,in,The_Legend_of_Zelda__Breath_of_the_Wild.html
2297,Full_Moon_Cello.html,is,Item,in,The_Legend_of_Zelda__Link%27s_Awakening.html
2298,Fun_Fun_Island.html,is,Location,from,The_Legend_of_Zelda__Skyward_Sword.html
2299,Funday_School.html,is,Location,from,The_Legend_of_Zelda__The_Minish_Cap.html
2300,Fungal_Spores.html,are,Item,in,The_Legend_of_Zelda__Skyward_Sword.html
2301,Fural_Plain.html,is,Location,in,The_Legend_of_Zelda__Breath_of_the_Wild.html
2302,Fural_Plains.html,is,Location,in,The_Legend_of_Zelda__Breath_of_the_Wild.html
2303,Furious_Deity_Mask.html,are,Item,in,The_Legend_of_Zelda_(Series).html
2304,Furnace.html,is,Item,in,The_Legend_of_Zelda__Breath_of_the_Wild.html
2305,Furnix.html,are,Enemy,from,Ending_Blow.html#The_Legend_of_Zelda:_Skyward_Sword
2306,Furnix.html,are,Enemy,in,The_Legend_of_Zelda__Skyward_Sword.html
2307,Furosa.html,is,Character,in,The_Legend_of_Zelda__Breath_of_the_Wild.html
2308,Furosa.html,is,Character,in,The_Legend_of_Zelda__Breath_of_the_Wild.html
2309,Fuzo.html,is,Character,from,The_Legend_of_Zelda__Phantom_Hourglass.html
2310,Fuzo.html,is,Character,in,The_Legend_of_Zelda__Phantom_Hourglass.html
2311,Fyer.html,is,Character,in,The_Legend_of_Zelda__Twilight_Princess.html
2312,Fyrus.html,is,Boss,in,The_Legend_of_Zelda__Twilight_Princess.html
2313,Fyrus.html,is,Boss,in,The_Legend_of_Zelda__Twilight_Princess.html
2314,Fyrus.html,is,Boss,in,The_Legend_of_Zelda__Twilight_Princess.html
2315,Fyson.html,is,Character,from,The_Legend_of_Zelda__Breath_of_the_Wild.html
2316,Fyson.html,is,Character,in,The_Legend_of_Zelda__Breath_of_the_Wild.html
2317,Gabora.html,are,Character,in,The_Legend_of_Zelda__Majora%27s_Mask.html
2318,Gaddison.html,is,Character,from,The_Legend_of_Zelda__Breath_of_the_Wild.html
2319,Gaepora.html,is,Character,from,Princess_Zelda.html
2320,Gaepora.html,is,Character,in,Princess_Zelda.html#Skyward_Sword
2321,Gage.html,is,Character,from,The_Legend_of_Zelda__Spirit_Tracks.html
2322,Gage.html,is,Character,in,Spirit_Tracks_(Object).html
2323,Gaile.html,is,Character,from,The_Legend_of_Zelda__Breath_of_the_Wild.html
2324,Gaile.html,is,Character,in,The_Legend_of_Zelda__Breath_of_the_Wild.html
2325,Gale.html,is,Character,from,The_Legend_of_Zelda__The_Minish_Cap.html
2326,Gale_Boomerang.html,is,Item,in,The_Legend_of_Zelda__Twilight_Princess.html
2327,Gale_Isle.html,is,Location,from,The_Legend_of_Zelda__The_Wind_Waker.html
2328,Galli.html,is,Character,in,The_Legend_of_Zelda__Breath_of_the_Wild.html
2329,Gama_Cove.html,is,Location,from,The_Legend_of_Zelda__Breath_of_the_Wild.html
2330,Gannon.html,is,Boss,of,The_Legend_of_Zelda.html
2331,Ganon's_Castle.html,is,Location,from,The_Legend_of_Zelda__Ocarina_of_Time.html
2332,Ganon's_Castle.html,is,Dungeon,in,The_Legend_of_Zelda__Ocarina_of_Time.html
2333,Ganon's_Lair.html,is,Location,in,Link__The_Faces_of_Evil.html
2334,Ganon's_Tower_(A_Link_to_the_Past).html,is,Dungeon,in,The_Legend_of_Zelda__A_Link_to_the_Past.html
2335,Ganon's_Tower_(A_Link_to_the_Past).html,is,Dungeon,in,The_Legend_of_Zelda__A_Link_to_the_Past.html
2336,Ganon's_Tower_(Hyrule_Warriors).html,is,Location,from,Hyrule_Warriors_Legends.html
2337,Ganon's_Tower_(Hyrule_Warriors).html,is,Stage,in,Hyrule_Warriors.html
2338,Ganon's_Tower_(The_Wind_Waker).html,is,Dungeon,of,The_Legend_of_Zelda__Ocarina_of_Time.html
2339,Ganon's_Tower_(The_Wind_Waker).html,is,Dungeon,in,The_Legend_of_Zelda__The_Wind_Waker.html
2340,Ganon_(A_Link_to_the_Past).html,is,Boss,of,The_Legend_of_Zelda__A_Link_to_the_Past.html
2341,Ganon_(Four_Swords_Adventures).html,is,Boss,of,The_Legend_of_Zelda__Four_Swords_Adventures.html
2342,Ganon_(Hyrule_Warriors).html,is,Boss,in,Hyrule_Warriors_Legends.html
2343,Ganon_(Ocarina_of_Time).html,is,Boss,in,The_Legend_of_Zelda__Ocarina_of_Time.html
2344,Ganon_(Oracle_of_Ages%2FOracle_of_Seasons).html,is,Boss,of,../Linked_Game.html
2345,Ganondorf's_Forces.html,are,Group,in,Hyrule_Warriors.html
2346,Ganondorf's_Steed.html,is,Character,in,The_Legend_of_Zelda_series.html
2347,Ganondorf_(Ocarina_of_Time).html,is,Boss,of,Inside_Ganon%27s_Castle.html
2348,Ganondorf_(The_Wind_Waker).html,is,Boss,of,The_Legend_of_Zelda__The_Wind_Waker.html
2349,Ganty.html,is,Character,from,The_Legend_of_Zelda__A_Link_to_the_Past_(manga).html
2350,Garadon.html,is,Character,in,The_Legend_of_Zelda__Breath_of_the_Wild.html
2351,Garahna.html,is,Boss,of,Great_Bay.html
2352,Gargantu-Bug.html,is,Boss,in,Freshly-Picked_Tingle%27s_Rosy_Rupeeland.html
2353,Gargoyle's_Domain.html,is,Dungeon,in,The_Legend_of_Zelda__A_Link_to_the_Past.html
2354,Gargoyle_Statue.html,is,Object,from,The_Legend_of_Zelda__A_Link_to_the_Past.html
2355,Garill.html,is,Character,from,The_Legend_of_Zelda__Breath_of_the_Wild.html
2356,Garill.html,is,Character,in,The_Legend_of_Zelda__Breath_of_the_Wild.html
2357,Garini.html,is,Character,in,The_Legend_of_Zelda__Breath_of_the_Wild.html
2358,Garini.html,is,Character,in,The_Legend_of_Zelda__Breath_of_the_Wild.html
2359,Garo's_Mask.html,is,Mask,in,The_Legend_of_Zelda__Majora%27s_Mask_3D.html
2360,Garo.html,are,Enemy,in,The_Legend_of_Zelda__Majora%27s_Mask.html
2361,Garo_Mask.html,is,Mask,in,The_Legend_of_Zelda__Majora%27s_Mask_3D.html
2362,Garo_Master.html,are,Enemy,in,The_Legend_of_Zelda__Majora%27s_Mask.html
2363,Garo_Ninja.html,are,Enemy,in,The_Legend_of_Zelda__Majora%27s_Mask.html
2364,Garo_Robe.html,are,Enemy,from,The_Legend_of_Zelda__Majora%27s_Mask.html
2365,Garo_Robe.html,are,Enemy,in,The_Legend_of_Zelda__Majora%27s_Mask.html
2366,Garrickson.html,is,Character,from,The_Legend_of_Zelda__The_Wind_Waker.html
2367,Garrickson.html,is,Character,in,The_Legend_of_Zelda__The_Wind_Waker.html
2368,Garshon.html,is,Character,in,The_Legend_of_Zelda__Breath_of_the_Wild.html
2369,Gartan.html,is,Character,in,The_Legend_of_Zelda__Breath_of_the_Wild.html
2370,Gartan.html,is,Character,in,The_Legend_of_Zelda__Breath_of_the_Wild.html
2371,Gasha_Nut.html,are,Object,in,Oracle_Series.html
2372,Gasha_Seed.html,are,Object,in,Oracle_Series.html
2373,Gasoringo.html,is,Boss,in,Ripened_Tingle%27s_Balloon_Trip_of_Love.html
2374,Gaspra.html,is,Character,in,Zelda%27s_Adventure.html
2375,Gatepost_Town_Ruins.html,is,Location,in,The_Legend_of_Zelda__Breath_of_the_Wild.html
2376,Gear_Shop.html,is,Shop,in,The_Legend_of_Zelda__Skyward_Sword.html
2377,Gee_Ha'rah.html,is,Character,from,The_Legend_of_Zelda__Breath_of_the_Wild.html
2378,Gee_Ha'rah_Shrine.html,is,Shrine,from,The_Legend_of_Zelda__Breath_of_the_Wild.html
2379,Geggle.html,is,Character,from,The_Legend_of_Zelda__Breath_of_the_Wild.html
2380,Gekko.html,is,Boss,of,Woodfall_Temple.html
2381,Gel.html,are,Enemy,in,The_Legend_of_Zelda_series.html
2382,Gel.html,are,Enemy,in,The_Legend_of_Zelda_(Series).html
2383,Geldarm.html,are,Enemy,from,Zelda_II__The_Adventure_of_Link.html
2384,Gem.html,are,Item,in,The_Legend_of_Zelda__Breath_of_the_Wild.html
2385,Gem_Anchor.html,are,Object,in,The_Legend_of_Zelda__Phantom_Hourglass.html
2386,Gemesaur_King.html,is,Boss,of,Dark_Palace.html
2387,Gemesaur_King.html,is,Boss,in,The_Legend_of_Zelda__A_Link_Between_Worlds.html
2388,General_Shoppe.html,is,Shop,from,The_Legend_of_Zelda__Breath_of_the_Wild.html
2389,Genie.html,is,Boss,of,Bottle_Grotto.html
2390,Genie.html,is,Boss,of,Bottle_Grotto.html
2391,Genli.html,is,Character,from,The_Legend_of_Zelda__Breath_of_the_Wild.html
2392,Gentari.html,is,Character,from,The_Legend_of_Zelda__The_Minish_Cap.html
2393,Gepper.html,is,Character,in,The_Legend_of_Zelda__The_Minish_Cap.html
2394,Gero_Pond.html,is,Location,from,The_Legend_of_Zelda__Breath_of_the_Wild.html
2395,Gero_Pond.html,is,Location,in,The_Legend_of_Zelda__Breath_of_the_Wild.html
2396,Gerudo's_Fortress.html,is,Location,from,The_Legend_of_Zelda__Ocarina_of_Time.html
2397,Gerudo's_Membership_Card.html,is,Item,in,The_Legend_of_Zelda__Ocarina_of_Time.html
2398,Gerudo's_Training_Ground.html,is,Dungeon,in,The_Legend_of_Zelda__Ocarina_of_Time.html
2399,Gerudo_(Breath_of_the_Wild).html,is,Location,from,The_Legend_of_Zelda__Breath_of_the_Wild.html
2400,Gerudo_Canyon.html,is,Location,in,The_Legend_of_Zelda__Breath_of_the_Wild.html
2401,Gerudo_Canyon.html,is,Location,in,The_Legend_of_Zelda__Breath_of_the_Wild.html
2402,Gerudo_Canyon_Pass.html,is,Location,in,The_Legend_of_Zelda__Breath_of_the_Wild.html
2403,Gerudo_Canyon_Pass.html,is,Location,in,The_Legend_of_Zelda__Breath_of_the_Wild.html
2404,Gerudo_Canyon_Stable.html,is,Location,from,The_Legend_of_Zelda__Breath_of_the_Wild.html
2405,Gerudo_Desert_(Hyrule_Warriors).html,is,Stage,in,Hyrule_Warriors.html
2406,Gerudo_Desert_(Stage).html,is,Stage,in,Hyrule_Warriors.html
2407,Gerudo_Desert_Gateway.html,is,Location,in,The_Legend_of_Zelda__Breath_of_the_Wild.html
2408,Gerudo_Desert_Gateway.html,is,Location,in,The_Legend_of_Zelda__Breath_of_the_Wild.html
2409,Gerudo_Fortress.html,is,Location,from,The_Legend_of_Zelda__Ocarina_of_Time.html
2410,Gerudo_Great_Skeleton.html,is,Location,in,The_Legend_of_Zelda__Breath_of_the_Wild.html
2411,Gerudo_Great_Skeleton.html,is,Location,in,The_Legend_of_Zelda__Breath_of_the_Wild.html
2412,Gerudo_Guard.html,are,Enemy,from,The_Legend_of_Zelda__Majora%27s_Mask.html
2413,Gerudo_Guard.html,are,Enemy,in,The_Legend_of_Zelda__Ocarina_of_Time.html
2414,Gerudo_Highlands.html,is,Location,in,The_Legend_of_Zelda__Breath_of_the_Wild.html
2415,Gerudo_Mask.html,is,Mask,from,The_Legend_of_Zelda__Majora%27s_Mask.html
2416,Gerudo_Mask.html,is,Mask,in,The_Legend_of_Zelda__Ocarina_of_Time.html
2417,Gerudo_Master_of_Horseback_Archery.html,is,Character,from,The_Legend_of_Zelda__Ocarina_of_Time.html
2418,Gerudo_Membership_Card.html,is,Item,from,The_Legend_of_Zelda__Ocarina_of_Time.html
2419,Gerudo_Mesa.html,is,Location,in,The_Legend_of_Zelda__Twilight_Princess.html
2420,Gerudo_Scimitar.html,is,Item,from,The_Legend_of_Zelda__Breath_of_the_Wild.html
2421,Gerudo_Secret_Club.html,is,Shop,from,The_Legend_of_Zelda__Breath_of_the_Wild.html
2422,Gerudo_Shield.html,is,Item,from,The_Legend_of_Zelda__Breath_of_the_Wild.html
2423,Gerudo_Sirwal.html,is,Item,from,The_Legend_of_Zelda__Breath_of_the_Wild.html
2424,Gerudo_Spear.html,is,Item,from,The_Legend_of_Zelda__Breath_of_the_Wild.html
2425,Gerudo_Summit.html,is,Location,in,The_Legend_of_Zelda__Breath_of_the_Wild.html
2426,Gerudo_Summit.html,is,Location,in,The_Legend_of_Zelda__Breath_of_the_Wild.html
2427,Gerudo_Token.html,is,Item,in,The_Legend_of_Zelda__Ocarina_of_Time.html
2428,Gerudo_Top.html,is,Item,from,The_Legend_of_Zelda__Breath_of_the_Wild.html
2429,Gerudo_Tower.html,is,Location,in,The_Legend_of_Zelda__Breath_of_the_Wild.html
2430,Gerudo_Tower.html,is,Location,in,The_Legend_of_Zelda__Breath_of_the_Wild.html
2431,Gerudo_Town.html,is,Location,from,The_Legend_of_Zelda__Breath_of_the_Wild.html
2432,Gerudo_Training_Ground.html,is,Dungeon,in,The_Legend_of_Zelda__Ocarina_of_Time.html
2433,Gerudo_Training_Grounds.html,is,Dungeon,in,The_Legend_of_Zelda__Ocarina_of_Time.html
2434,Gerudo_Valley.html,is,Location,from,The_Legend_of_Zelda__Ocarina_of_Time.html
2435,Gerudo_Veil.html,is,Item,from,The_Legend_of_Zelda__Breath_of_the_Wild.html
2436,Gerudo_Village.html,is,Location,from,The_Legend_of_Zelda__Four_Swords_Adventures.html
2437,Gerune.html,are,Enemy,from,The_Legend_of_Zelda__Spirit_Tracks.html
2438,Gesane.html,is,Character,in,The_Legend_of_Zelda__Breath_of_the_Wild.html
2439,Ghanti.html,is,Character,from,The_Legend_of_Zelda__A_Link_to_the_Past_(Ishinomori).html
2440,Ghini.html,are,Enemy,in,The_Legend_of_Zelda_series.html
2441,Ghini.html,are,Enemy,in,The_Legend_of_Zelda_(Game).html
2442,Ghirahim%2FHyrule_Warriors.html,is,Character,in,../Hyrule_Warriors_Legends.html
2443,Ghirahim_(boss).html,is,Boss,from,The_Legend_of_Zelda__Skyward_Sword.html
2444,Ghost_(Link's_Awakening).html,is,Character,in,The_Legend_of_Zelda__Link%27s_Awakening.html
2445,Ghost_Forces.html,are,Group,in,Hyrule_Warriors.html
2446,Ghost_Hunter.html,is,Character,in,The_Legend_of_Zelda_series.html
2447,Ghost_Key.html,is,Item,in,The_Legend_of_Zelda__Phantom_Hourglass.html
2448,Ghost_Lantern.html,is,Item,from,The_Legend_of_Zelda__Twilight_Princess.html#Port_to_Wii_U
2449,Ghost_Lantern.html,is,Item,in,The_Legend_of_Zelda__Twilight_Princess_HD.html
2450,Ghost_Ringleader.html,is,Character,from,Freshly-Picked_Tingle%27s_Rosy_Rupeeland.html
2451,Ghost_Ship_(Phantom_Hourglass).html,is,Dungeon,in,The_Legend_of_Zelda__Phantom_Hourglass.html
2452,Ghost_Ship_(The_Wind_Waker).html,is,Location,from,The_Legend_of_Zelda__The_Wind_Waker.html
2453,Ghost_Ship_Chart.html,is,Item,from,The_Legend_of_Zelda__The_Wind_Waker.html
2454,Ghost_Shop.html,is,Shop,from,The_Legend_of_Zelda__Ocarina_of_Time.html
2455,Ghost_Shop.html,is,Location,in,The_Legend_of_Zelda__Ocarina_of_Time.html
2456,Ghost_Soldier.html,are,Group,in,Hyrule_Warriors.html
2457,Ghostly_Garden.html,is,Location,from,The_Legend_of_Zelda__A_Link_to_the_Past.html
2458,Giant's_Forest.html,is,Location,from,The_Legend_of_Zelda__Breath_of_the_Wild.html
2459,Giant's_Knife.html,is,Weapon,from,The_Legend_of_Zelda__Ocarina_of_Time.html
2460,Giant's_Knife.html,is,Weapon,in,The_Legend_of_Zelda_(Series).html
2461,Giant's_Knife_I.html,are,Object,in,Hyrule_Warriors_Legends.html
2462,Giant's_Knife_II.html,are,Object,in,Hyrule_Warriors_Legends.html
2463,Giant's_Knife_III.html,are,Object,in,Hyrule_Warriors_Legends.html
2464,Giant's_Knife_IV.html,are,Object,in,Hyrule_Warriors_Legends.html
2465,Giant's_Mask.html,is,Item,in,The_Legend_of_Zelda__Majora%27s_Mask.html
2466,Giant's_Wallet.html,is,Item,in,The_Legend_of_Zelda_series.html
2467,Giant_Ancient_Core.html,is,Item,in,The_Legend_of_Zelda__Breath_of_the_Wild.html
2468,Giant_Bee.html,are,Enemy,from,The_Legend_of_Zelda__Majora%27s_Mask.html
2469,Giant_Bee.html,are,Enemy,in,The_Legend_of_Zelda_(Series).html
2470,Giant_Bomb.html,are,Item,from,The_Legend_of_Zelda__Four_Swords_Adventures.html
2471,Giant_Boomerang.html,is,Item,from,The_Legend_of_Zelda__Breath_of_the_Wild.html
2472,Giant_Boss.html,are,Boss,in,Hyrule_Warriors.html
2473,Giant_Bot.html,are,Enemy,from,Zelda_II__The_Adventure_of_Link.html
2474,Giant_Bubble.html,are,Enemy,in,The_Legend_of_Zelda_(Series).html
2475,Giant_Dead_Dodongo.html,is,Object,from,The_Legend_of_Zelda__Ocarina_of_Time.html
2476,Giant_Ghini.html,are,Enemy,in,The_Legend_of_Zelda_series.html
2477,Giant_Ghini_(Oracle_of_Ages).html,is,Boss,of,Spirit%27s_Grave.html
2478,Giant_Goponga_Flower.html,is,Enemy,from,The_Legend_of_Zelda__Link%27s_Awakening.html
2479,Giant_Link.html,is,Character,from,The_Legend_of_Zelda__Majora%27s_Mask.html
2480,Giant_Mask.html,is,Item,in,The_Legend_of_Zelda__Majora%27s_Mask.html
2481,Giant_Quiver.html,is,Item,in,The_Legend_of_Zelda_series.html
2482,Giant_Quiver.html,are,Item,in,The_Legend_of_Zelda_(Series).html
2483,Giant_Turtle.html,is,Character,from,The_Legend_of_Zelda__Majora%27s_Mask.html
2484,Gibdo.html,are,Enemy,in,The_Legend_of_Zelda_series.html
2485,Gibdo.html,are,Enemy,in,The_Legend_of_Zelda_(Series).html
2486,Gibdo_Bandage.html,is,Item,in,The_Legend_of_Zelda__Tri_Force_Heroes.html
2487,Gibdo_Mask.html,is,Item,in,The_Legend_of_Zelda__Majora%27s_Mask.html
2488,Gibdos.html,are,Enemy,in,The_Legend_of_Zelda_(Series).html
2489,Gibo.html,are,Enemy,in,The_Legend_of_Zelda_series.html
2490,Gibo.html,are,Enemy,in,The_Legend_of_Zelda_(Series).html
2491,Gigaleon.html,is,Boss,of,Deception_Castle.html
2492,Gigantic_Mace.html,are,Item,from,The_Legend_of_Zelda__The_Wind_Waker.html
2493,Gilded_Sword.html,is,Sword,from,The_Legend_of_Zelda__Majora%27s_Mask.html
2494,Gilded_Sword_I.html,are,Object,in,Hyrule_Warriors_Legends.html
2495,Gilded_Sword_II.html,are,Object,in,Hyrule_Warriors_Legends.html
2496,Gilded_Sword_III.html,are,Object,in,Hyrule_Warriors_Legends.html
2497,Gilded_Sword_IV.html,are,Object,in,Hyrule_Warriors_Legends.html
2498,Gillian.html,is,Character,from,The_Legend_of_Zelda__The_Wind_Waker.html
2499,Gimos.html,are,Enemy,from,The_Legend_of_Zelda__A_Link_Between_Worlds.html
2500,Gina.html,is,Character,from,The_Legend_of_Zelda__The_Minish_Cap.html
2501,Gina.html,is,Character,in,The_Legend_of_Zelda__The_Minish_Cap.html
2502,Ginner_Woods.html,are,Location,in,The_Legend_of_Zelda__Breath_of_the_Wild.html
2503,Ginner_Woods.html,is,Location,in,The_Legend_of_Zelda__Breath_of_the_Wild.html
2504,Girl's_Notebook.html,is,Item,from,The_Legend_of_Zelda__Breath_of_the_Wild.html
2505,Girl.html,is,Character,in,The_Legend_of_Zelda_(Series).html
2506,Giro.html,is,Character,in,The_Legend_of_Zelda__Breath_of_the_Wild.html
2507,Girobokku.html,are,Enemy,from,Zelda_II__The_Adventure_of_Link.html
2508,Girobokku.html,is,Enemy,from,Zelda_II__The_Adventure_of_Link.html
2509,Girubokku.html,is,Enemy,from,Zelda_II__The_Adventure_of_Link.html
2510,Gisa_Crater.html,is,Location,from,The_Legend_of_Zelda__Breath_of_the_Wild.html
2511,Glazed_Meat.html,is,Item,from,The_Legend_of_Zelda__Breath_of_the_Wild.html
2512,Glazed_Mushrooms.html,is,Item,from,The_Legend_of_Zelda__Breath_of_the_Wild.html
2513,Glazed_Seafood.html,is,Item,from,The_Legend_of_Zelda__Breath_of_the_Wild.html
2514,Glazed_Veggies.html,is,Item,from,The_Legend_of_Zelda__Breath_of_the_Wild.html
2515,Gleema.html,is,Character,from,The_Legend_of_Zelda__Breath_of_the_Wild.html
2516,Gleeock.html,is,Boss,in,The_Legend_of_Zelda_(Series).html
2517,Gleeok.html,is,Boss,in,The_Legend_of_Zelda_(Series).html
2518,Gleeok_(Oracle_of_Seasons).html,is,Boss,of,Explorer%27s_Crypt.html
2519,Gleeok_(Phantom_Hourglass).html,is,Boss,of,Temple_of_Ice.html
2520,Gleeok_(The_Legend_of_Zelda).html,is,Boss,from,The_Legend_of_Zelda.html
2521,Gleeok_Bridge.html,is,Location,from,The_Legend_of_Zelda__Breath_of_the_Wild.html
2522,Gleeok_Head.html,is,Boss,in,The_Legend_of_Zelda_(Series).html
2523,Gleerok.html,is,Boss,of,Cave_of_Flames.html
2524,Glendo.html,is,Character,in,The_Legend_of_Zelda__Breath_of_the_Wild.html
2525,Glittering_Spores.html,are,Item,from,The_Legend_of_Zelda__Skyward_Sword.html
2526,Glittering_Spores.html,are,Item,in,The_Legend_of_Zelda__Skyward_Sword.html
2527,Gnarled_Root.html,is,Dungeon,in,The_Legend_of_Zelda__Oracle_of_Seasons.html
2528,Gnarled_Root_Dungeon.html,is,Dungeon,in,The_Legend_of_Zelda__Oracle_of_Seasons.html
2529,Gnat_Hat.html,is,Item,from,The_Legend_of_Zelda__Four_Swords.html
2530,Goat_Butter.html,is,Item,from,The_Legend_of_Zelda__Breath_of_the_Wild.html
2531,Goat_Butter.html,is,Item,in,The_Legend_of_Zelda__Breath_of_the_Wild.html
2532,Gobiyan_Ship.html,is,Location,in,Zelda__The_Wand_of_Gamelon.html
2533,Goddess's_Harp.html,is,Item,from,List_of_songs.html#The_Legend_of_Zelda:_Skyward_Sword
2534,Goddess's_Harp.html,is,Item,in,Princess_Zelda.html#Skyward_Sword
2535,Goddess_Harp.html,is,Item,from,List_of_songs.html#The_Legend_of_Zelda:_Skyward_Sword
2536,Goddess_Longsword.html,is,Sword,from,The_Legend_of_Zelda__Skyward_Sword.html
2537,Goddess_Longsword.html,is,Item,in,The_Legend_of_Zelda_(Series).html
2538,Goddess_Plume.html,are,Item,in,The_Legend_of_Zelda_(Series).html
2539,Goddess_Shield.html,is,Shield,in,The_Legend_of_Zelda__Skyward_Sword.html
2540,Goddess_Statues.html,are,Object,from,The_Legend_of_Zelda__The_Wind_Waker.html
2541,Goddess_Sword.html,is,Item,in,The_Legend_of_Zelda_(Series).html
2542,Goddess_White_Sword.html,is,Item,in,The_Legend_of_Zelda_(Series).html
2543,Goddess_of_the_Sand.html,is,Location,in,The_Legend_of_Zelda__Ocarina_of_Time.html
2544,Goflam's_Secret_Hot_Spring.html,is,Location,from,The_Legend_of_Zelda__Breath_of_the_Wild.html
2545,Gogobi_Shores.html,are,Location,from,The_Legend_of_Zelda__Breath_of_the_Wild.html
2546,Gohdan.html,is,Boss,in,The_Legend_of_Zelda__The_Wind_Waker.html
2547,Gohma.html,are,Enemy,in,The_Legend_of_Zelda_series.html
2548,Gohma.html,are,Boss,in,The_Legend_of_Zelda_(Series).html
2549,Gohma_(Oracle_of_Seasons).html,is,Boss,of,Dungeon.html
2550,Gohma_(The_Legend_of_Zelda).html,is,Boss,from,The_Legend_of_Zelda.html
2551,Gohma_(The_Wind_Waker).html,is,Boss,of,Dragon_Roost_Cavern.html
2552,Gohma_Larva.html,are,Enemy,in,The_Legend_of_Zelda_(Series).html
2553,Gohma_Pit.html,is,Location,in,Zelda__The_Wand_of_Gamelon.html
2554,Goht's_Remains.html,are,Item,in,The_Legend_of_Zelda__Majora%27s_Mask.html
2555,Goht.html,is,Boss,of,Snowhead_Temple.html
2556,Goht.html,is,Boss,in,The_Legend_of_Zelda__Majora%27s_Mask.html
2557,Gold_Dust.html,is,Item,from,The_Legend_of_Zelda__Tri_Force_Heroes.html
2558,Gold_Dust.html,is,Item,in,The_Legend_of_Zelda__Majora%27s_Mask.html
2559,Gold_Joy_Ring.html,are,Item,in,The_Legend_of_Zelda__Oracle_of_Ages.html
2560,Gold_Phantom.html,are,Enemy,from,The_Legend_of_Zelda__Phantom_Hourglass.html
2561,Gold_Phantom.html,are,Enemy,in,The_Legend_of_Zelda__Spirit_Tracks.html
2562,Gold_Rat.html,are,Enemy,in,The_Legend_of_Zelda_(Series).html
2563,Gold_Shark_Teeth.html,is,Item,from,Freshly-Picked_Tingle%27s_Rosy_Rupeeland.html
2564,Gold_Skulltula.html,are,Enemy,in,The_Legend_of_Zelda_series.html
2565,Gold_Skulltula.html,are,Enemy,in,The_Legend_of_Zelda_(Series).html
2566,Gold_Skulltula_Spirit.html,are,Enemy,in,The_Legend_of_Zelda_(Series).html
2567,Gold_Skulltula_Token.html,are,Enemy,in,The_Legend_of_Zelda_(Series).html
2568,Gold_Skulltulas.html,are,Enemy,in,The_Legend_of_Zelda_series.html
2569,Golden_Bee.html,is,Item,from,The_Legend_of_Zelda__A_Link_Between_Worlds.html
2570,Golden_Bokoblin.html,are,Enemy,in,The_Legend_of_Zelda__Breath_of_the_Wild.html
2571,Golden_Bow.html,is,Item,in,The_Legend_of_Zelda__Breath_of_the_Wild.html
2572,Golden_Bridge.html,are,Object,in,The_Legend_of_Zelda__Phantom_Hourglass.html
2573,Golden_Bug.html,are,Item,in,The_Legend_of_Zelda_(Series).html
2574,Golden_Bugs.html,are,Item,in,The_Legend_of_Zelda_(Series).html
2575,Golden_Cannon.html,are,Object,in,The_Legend_of_Zelda__Phantom_Hourglass.html
2576,Golden_Carving.html,is,Item,from,The_Legend_of_Zelda__Skyward_Sword.html
2577,Golden_Carving.html,are,Item,in,The_Legend_of_Zelda__Skyward_Sword.html
2578,Golden_Chief_Cylos.html,is,Character,from,The_Legend_of_Zelda__Phantom_Hourglass.html
2579,Golden_Chief_Cylos.html,is,Character,in,The_Legend_of_Zelda__Phantom_Hourglass.html
2580,Golden_Chimney.html,are,Object,in,The_Legend_of_Zelda__Phantom_Hourglass.html
2581,Golden_Claymore.html,is,Item,from,The_Legend_of_Zelda__Breath_of_the_Wild.html
2582,Golden_Cucco.html,are,Character,in,The_Legend_of_Zelda_series.html
2583,Golden_Darknut.html,is,Enemy,in,The_Legend_of_Zelda__Oracle_of_Seasons.html
2584,Golden_Frogs.html,are,Character,from,The_Legend_of_Zelda__Phantom_Hourglass.html
2585,Golden_Gauntlets.html,are,Item,from,The_Legend_of_Zelda__Ocarina_of_Time.html
2586,Golden_Goddesses.html,are,Group,in,The_Legend_of_Zelda_series.html
2587,Golden_Handrail.html,are,Object,in,The_Legend_of_Zelda__Phantom_Hourglass.html
2588,Golden_Hull.html,are,Object,in,The_Legend_of_Zelda__Phantom_Hourglass.html
2589,Golden_Key.html,are,Item,from,The_Legend_of_Zelda__Four_Swords.html
2590,Golden_Leaves.html,are,Item,in,The_Legend_of_Zelda__Link%27s_Awakening.html
2591,Golden_Lizalfos.html,are,Enemy,in,The_Legend_of_Zelda__Breath_of_the_Wild.html
2592,Golden_Moblin.html,are,Enemy,in,The_Legend_of_Zelda_(Series).html
2593,Golden_Monster.html,are,Enemy,in,The_Legend_of_Zelda__The_Minish_Cap.html
2594,Golden_Monsters.html,are,Enemy,in,The_Legend_of_Zelda__The_Minish_Cap.html
2595,Golden_Octorok.html,are,Enemy,in,The_Legend_of_Zelda_series.html
2596,Golden_Octorok.html,are,Enemy,in,The_Legend_of_Zelda_(Series).html
2597,Golden_Prow.html,are,Object,in,The_Legend_of_Zelda__Phantom_Hourglass.html
2598,Golden_Rope.html,are,Enemy,in,The_Legend_of_Zelda__The_Minish_Cap.html
2599,Golden_Scale.html,is,Item,from,The_Legend_of_Zelda__Ocarina_of_Time.html
2600,Golden_Scale.html,are,Item,in,The_Legend_of_Zelda_(Series).html
2601,Golden_Ship.html,are,Object,in,The_Legend_of_Zelda__Phantom_Hourglass.html
2602,Golden_Skull.html,are,Item,from,The_Legend_of_Zelda__Skyward_Sword.html
2603,Golden_Skull.html,are,Item,in,The_Legend_of_Zelda_(Series).html
2604,Golden_Skulltula.html,are,Enemy,in,The_Legend_of_Zelda_(Series).html
2605,Golden_Sword.html,is,Sword,from,The_Legend_of_Zelda__A_Link_to_the_Past.html
2606,Golden_Sword.html,is,Item,in,The_Legend_of_Zelda_(Series).html
2607,Golden_Tektite.html,are,Enemy,from,The_Legend_of_Zelda__The_Minish_Cap.html
2608,Golden_Tektite.html,are,Enemy,in,The_Legend_of_Zelda__The_Minish_Cap.html
2609,Golden_Wheel.html,are,Object,in,The_Legend_of_Zelda__Phantom_Hourglass.html
2610,Golden_statue.html,is,Boss,in,The_Legend_of_Zelda__Skyward_Sword.html
2611,Gollow_River.html,is,Location,in,The_Legend_of_Zelda__Breath_of_the_Wild.html
2612,Golo.html,is,Character,from,The_Legend_of_Zelda__Skyward_Sword.html
2613,Golow_River.html,is,Location,in,The_Legend_of_Zelda__Breath_of_the_Wild.html
2614,Golow_River.html,is,Location,in,The_Legend_of_Zelda__Breath_of_the_Wild.html
2615,Goma_Asaagh.html,is,Character,from,The_Legend_of_Zelda__Breath_of_the_Wild.html
2616,Goma_Asaagh_Shrine.html,is,Shrine,from,The_Legend_of_Zelda__Breath_of_the_Wild.html
2617,Gomess.html,is,Dungeon,in,The_Legend_of_Zelda__Majora%27s_Mask.html
2618,Gomess.html,is,Boss,of,Stone_Tower_Temple.html
2619,Gondo.html,is,Character,in,The_Legend_of_Zelda__Skyward_Sword.html
2620,Gongoron.html,is,Character,from,The_Legend_of_Zelda__Phantom_Hourglass.html
2621,Gonguron.html,is,Character,from,The_Legend_of_Zelda__Breath_of_the_Wild.html
2622,Gonguron.html,is,Character,in,The_Legend_of_Zelda__Breath_of_the_Wild.html
2623,Gonzo.html,is,Character,in,The_Legend_of_Zelda__Spirit_Tracks.html
2624,Gonzo.html,is,Character,in,The_Legend_of_Zelda__The_Wind_Waker.html
2625,Good-Sized_Horse.html,is,Quest,in,The_Legend_of_Zelda__Breath_of_the_Wild.html
2626,Good-Sized_Horse.html,is,Quest,in,The_Legend_of_Zelda__Breath_of_the_Wild.html
2627,Good_Soup.html,are,Item,in,The_Legend_of_Zelda__Twilight_Princess.html
2628,Gooey_Swamp.html,is,Location,from,Freshly-Picked_Tingle%27s_Rosy_Rupeeland.html
2629,Gooma.html,is,Boss,of,Ocean_Palace.html
2630,Gooma.html,is,Boss,of,Palace_on_the_Sea.html
2631,Goomba.html,are,Enemy,from,The_Legend_of_Zelda__Link%27s_Awakening.html
2632,Goomba.html,are,Enemy,in,The_Legend_of_Zelda__Link%27s_Awakening.html
2633,Goponga_Flower.html,are,Enemy,in,The_Legend_of_Zelda_series.html
2634,Goponga_Island.html,is,Location,in,The_Legend_of_Zelda__Breath_of_the_Wild.html
2635,Goponga_Swamp.html,is,Location,from,The_Legend_of_Zelda__Link%27s_Awakening.html
2636,Goponga_Swamp.html,is,Location,in,The_Legend_of_Zelda__Link%27s_Awakening.html
2637,Goponga_Village_Ruins.html,are,Location,from,The_Legend_of_Zelda__Breath_of_the_Wild.html
2638,Gor_Amoto.html,is,Character,in,The_Legend_of_Zelda__Twilight_Princess.html
2639,Gor_Coron.html,is,Character,in,The_Legend_of_Zelda__Twilight_Princess.html
2640,Gor_Ebizo.html,is,Character,in,The_Legend_of_Zelda__Twilight_Princess.html
2641,Gor_Liggs.html,is,Character,in,The_Legend_of_Zelda__Twilight_Princess.html
2642,Gorae_Torr.html,is,Character,from,The_Legend_of_Zelda__Breath_of_the_Wild.html
2643,Gorae_Torr_Shrine.html,is,Shrine,from,The_Legend_of_Zelda__Breath_of_the_Wild.html
2644,Goriya.html,are,Enemy,in,The_Legend_of_Zelda_series.html
2645,Goriya.html,are,Enemy,in,The_Legend_of_Zelda_(Series).html
2646,Gorko.html,is,Character,from,Hyrule.html#The_Legend_of_Zelda:_Skyward_Sword
2647,Gorko.html,is,Character,in,The_Legend_of_Zelda__Skyward_Sword.html
2648,Gorko_Lake.html,is,Location,from,The_Legend_of_Zelda__Breath_of_the_Wild.html
2649,Gorko_Lake.html,is,Location,in,The_Legend_of_Zelda__Breath_of_the_Wild.html
2650,Gorko_Tunnel.html,is,Location,from,The_Legend_of_Zelda__Breath_of_the_Wild.html
2651,Gorko_Tunnel.html,is,Location,in,The_Legend_of_Zelda__Breath_of_the_Wild.html
2652,Gorman.html,is,Character,in,The_Legend_of_Zelda__Ocarina_of_Time.html
2653,Gorman.html,is,Character,in,The_Legend_of_Zelda_(Series).html
2654,Gorman_Brothers.html,are,Character,from,The_Legend_of_Zelda__Majora%27s_Mask.html
2655,Gorman_Track.html,is,Location,from,The_Legend_of_Zelda__Majora%27s_Mask.html
2656,Gorman_Track.html,is,Location,in,The_Legend_of_Zelda__Majora%27s_Mask.html
2657,Gorman_Troupe.html,is,Group,of,The_Legend_of_Zelda__Majora%27s_Mask.html
2658,Goro_Cove.html,is,Location,in,The_Legend_of_Zelda__Breath_of_the_Wild.html
2659,Goro_Cove.html,is,Location,in,The_Legend_of_Zelda__Breath_of_the_Wild.html
2660,Goron's_Bracelet.html,is,Item,from,The_Legend_of_Zelda__Ocarina_of_Time.html
2661,Goron's_Bracelet.html,is,Item,in,The_Legend_of_Zelda__Ocarina_of_Time.html
2662,Goron's_Bracelet_I.html,are,Object,in,Hyrule_Warriors_Legends.html
2663,Goron's_Bracelet_II.html,are,Object,in,Hyrule_Warriors_Legends.html
2664,Goron's_Lullaby.html,is,Song,in,The_Legend_of_Zelda__Majora%27s_Mask.html
2665,Goron's_Ruby.html,are,Item,from,The_Legend_of_Zelda__Ocarina_of_Time.html
2666,Goron-brand_Iron.html,is,Item,from,The_Legend_of_Zelda__Spirit_Tracks.html
2667,Goron_Amber.html,is,Item,in,The_Legend_of_Zelda_series.html
2668,Goron_Amber.html,are,Item,in,The_Legend_of_Zelda_(Series).html
2669,Goron_Bracelet.html,is,Item,in,The_Legend_of_Zelda__Ocarina_of_Time.html
2670,Goron_Cave.html,is,Location,from,The_Legend_of_Zelda__The_Minish_Cap.html
2671,Goron_City.html,is,Location,in,The_Legend_of_Zelda__Ocarina_of_Time.html
2672,Goron_Country_Store.html,is,Shop,from,The_Legend_of_Zelda__Spirit_Tracks.html
2673,Goron_Country_Store.html,is,Location,in,Goron_Village_(Spirit_Tracks).html
2674,Goron_Drums.html,are,Item,in,The_Legend_of_Zelda__Majora%27s_Mask.html
2675,Goron_Elder's_Grandson.html,is,Character,from,The_Legend_of_Zelda__Spirit_Tracks.html
2676,Goron_Elder's_Son.html,is,Character,from,The_Legend_of_Zelda__Majora%27s_Mask.html
2677,Goron_Elder's_Son.html,is,Character,in,The_Legend_of_Zelda__Majora%27s_Mask.html
2678,Goron_Forces.html,are,Group,in,Hyrule_Warriors.html
2679,Goron_Graveyard.html,is,Location,from,The_Legend_of_Zelda__Majora%27s_Mask.html
2680,Goron_Graveyard.html,is,Location,in,The_Legend_of_Zelda__Majora%27s_Mask.html
2681,Goron_Gusto_Shop.html,is,Shop,from,The_Legend_of_Zelda__Breath_of_the_Wild.html
2682,Goron_Hot_Springs.html,is,Location,in,The_Legend_of_Zelda__Breath_of_the_Wild.html
2683,Goron_Hot_Springs.html,are,Location,in,The_Legend_of_Zelda__Breath_of_the_Wild.html
2684,Goron_Link.html,is,Character,from,The_Legend_of_Zelda__Majora%27s_Mask.html
2685,Goron_Lullaby.html,is,Song,from,The_Legend_of_Zelda__Majora%27s_Mask.html
2686,Goron_Lullaby.html,is,Song,in,The_Legend_of_Zelda__Majora%27s_Mask.html
2687,Goron_Mask.html,is,Item,in,The_Legend_of_Zelda_series.html
2688,Goron_Merchant.html,is,Character,from,The_Legend_of_Zelda__The_Minish_Cap.html
2689,Goron_Mines.html,is,Dungeon,in,The_Legend_of_Zelda_series.html
2690,Goron_Mines.html,is,Dungeon,in,The_Legend_of_Zelda_series.html
2691,Goron_Mines.html,is,Dungeon,in,The_Legend_of_Zelda__Twilight_Princess.html
2692,Goron_Powder_Keg_Shop.html,is,Shop,from,The_Legend_of_Zelda__Majora%27s_Mask.html
2693,Goron_Powder_Keg_Shop.html,is,Location,in,The_Legend_of_Zelda__Majora%27s_Mask.html
2694,Goron_Racetrack.html,is,Location,from,The_Legend_of_Zelda__Majora%27s_Mask.html
2695,Goron_Ruby.html,are,Item,from,The_Legend_of_Zelda__Ocarina_of_Time.html
2696,Goron_Shop.html,is,Shop,in,The_Legend_of_Zelda_series.html
2697,Goron_Shop.html,is,Location,in,The_Legend_of_Zelda_(Series).html
2698,Goron_Shop_Owner.html,is,Character,in,The_Legend_of_Zelda_series.html
2699,Goron_Shrine.html,is,Location,from,The_Legend_of_Zelda__Majora%27s_Mask.html
2700,Goron_Spice.html,is,Item,from,The_Legend_of_Zelda__Breath_of_the_Wild.html
2701,Goron_Target_Range.html,is,Location,from,The_Legend_of_Zelda__Spirit_Tracks.html
2702,Goron_Target_Range_Operator.html,is,Character,from,The_Legend_of_Zelda__Spirit_Tracks.html
2703,Goron_Tunic.html,is,Item,from,The_Legend_of_Zelda__Ocarina_of_Time.html
2704,Goron_Tunic.html,is,Item,in,The_Legend_of_Zelda_(Series).html
2705,Goron_Tunic_I.html,are,Object,in,Hyrule_Warriors_Legends.html
2706,Goron_Tunic_II.html,are,Object,in,Hyrule_Warriors_Legends.html
2707,Goron_Tunic_III.html,are,Object,in,Hyrule_Warriors_Legends.html
2708,Goron_Vase.html,is,Item,in,The_Legend_of_Zelda_series.html
2709,Goron_Village.html,is,Location,in,The_Legend_of_Zelda_series.html
2710,Goron_Village_(Spirit_Tracks).html,is,Location,in,The_Legend_of_Zelda__Spirit_Tracks.html
2711,Goronbeck.html,is,Character,from,The_Legend_of_Zelda__Phantom_Hourglass.html
2712,Goronbi_Lake.html,is,Location,in,The_Legend_of_Zelda__Breath_of_the_Wild.html
2713,Goronbi_Lake.html,is,Location,in,The_Legend_of_Zelda__Breath_of_the_Wild.html
2714,Goronbi_Lake_North.html,is,Location,from,The_Legend_of_Zelda__Breath_of_the_Wild.html
2715,Goronbi_River.html,is,Location,in,The_Legend_of_Zelda__Breath_of_the_Wild.html
2716,Goronbi_River.html,is,Location,in,The_Legend_of_Zelda__Breath_of_the_Wild.html
2717,Gortram.html,is,Character,from,The_Legend_of_Zelda__Skyward_Sword.html
2718,Gortram.html,is,Character,in,The_Legend_of_Zelda__Skyward_Sword.html
2719,Gortram_Cliff.html,is,Location,from,The_Legend_of_Zelda__Breath_of_the_Wild.html
2720,Gortram_Cliff.html,is,Location,in,The_Legend_of_Zelda__Breath_of_the_Wild.html
2721,Goselle.html,is,Character,from,The_Legend_of_Zelda__The_Wind_Waker.html
2722,Goselle.html,is,Character,in,The_Legend_of_Zelda__Skyward_Sword.html
2723,Gossack.html,is,Character,from,The_Legend_of_Zelda__The_Wind_Waker.html
2724,Gossack.html,is,Character,in,The_Legend_of_Zelda__The_Wind_Waker.html
2725,Gossip_Stone.html,are,Item,in,The_Legend_of_Zelda_series.html
2726,Gossip_Stone.html,are,Object,in,The_Legend_of_Zelda_(Series).html
2727,Gossip_Stones.html,are,Object,in,The_Legend_of_Zelda_(Series).html
2728,Gotter.html,is,Character,in,The_Legend_of_Zelda__Breath_of_the_Wild.html
2729,Gouen.html,is,Boss,of,Death_Mountain_(Four_Swords).html
2730,Gourmet_Meat_Curry.html,is,Item,from,The_Legend_of_Zelda__Breath_of_the_Wild.html
2731,Gourmet_Meat_Stew.html,is,Item,from,The_Legend_of_Zelda__Breath_of_the_Wild.html
2732,Gourmet_Meat_and_Rice_Bowl.html,is,Item,from,The_Legend_of_Zelda__Breath_of_the_Wild.html
2733,Gourmet_Meat_and_Seafood_Fry.html,is,Item,from,The_Legend_of_Zelda__Breath_of_the_Wild.html
2734,Gourmet_Poultry_Curry.html,is,Item,from,The_Legend_of_Zelda__Breath_of_the_Wild.html
2735,Gourmet_Poultry_Pilaf.html,is,Item,from,The_Legend_of_Zelda__Breath_of_the_Wild.html
2736,Gourmet_Spiced_Meat_Skewer.html,is,Item,from,The_Legend_of_Zelda__Breath_of_the_Wild.html
2737,Gramps.html,is,Character,from,The_Legend_of_Zelda__A_Link_Between_Worlds.html
2738,Grand_Fairy.html,is,Character,from,Rupeeland.html
2739,Grand_Rupee.html,is,Character,in,Rupeeland.html
2740,Grandma.html,is,Character,in,The_Legend_of_Zelda__The_Wind_Waker.html
2741,Grandma_Ulrira.html,is,Character,from,The_Legend_of_Zelda__Link%27s_Awakening.html
2742,Grandma_Ulrira.html,is,Character,in,The_Legend_of_Zelda__Link%27s_Awakening.html
2743,Grandmother.html,is,Character,in,The_Legend_of_Zelda__The_Wind_Waker.html
2744,Grandpa_Ulrira.html,is,Character,from,The_Legend_of_Zelda__Link%27s_Awakening.html
2745,Grandpa_Ulrira.html,is,Character,in,The_Legend_of_Zelda__Link%27s_Awakening.html
2746,Granny's_Diary.html,is,Object,in,The_Legend_of_Zelda__Majora%27s_Mask.html
2747,Granny's_Potion_Shop.html,is,Shop,from,The_Legend_of_Zelda__Ocarina_of_Time.html
2748,Granny.html,is,Character,from,The_Legend_of_Zelda__Ocarina_of_Time.html
2749,Granny.html,is,Character,in,The_Legend_of_Zelda__Ocarina_of_Time.html
2750,Grante.html,is,Character,in,The_Legend_of_Zelda__Breath_of_the_Wild.html
2751,GrantÇ.html,is,Character,in,The_Legend_of_Zelda__Breath_of_the_Wild.html
2752,Grapp.html,is,Character,from,The_Legend_of_Zelda__Breath_of_the_Wild.html
2753,Grapp.html,is,Character,in,The_Legend_of_Zelda__Breath_of_the_Wild.html
2754,Grappling_Hook.html,is,Item,in,The_Legend_of_Zelda_series.html
2755,Grappling_Hook.html,is,Item,in,The_Legend_of_Zelda_(Series).html
2756,Grass_Whistles.html,are,Object,in,The_Legend_of_Zelda__Twilight_Princess.html
2757,Grateful_Man.html,is,Character,from,The_Legend_of_Zelda__Majora%27s_Mask.html
2758,Gratitude_Crystal.html,are,Item,from,The_Legend_of_Zelda__Skyward_Sword.html
2759,Gratitude_Crystals.html,are,Item,from,The_Legend_of_Zelda__Skyward_Sword.html
2760,Gravekeeper's_Hut.html,is,Location,from,The_Legend_of_Zelda__Ocarina_of_Time.html
2761,Graveyard.html,are,Location,in,The_Legend_of_Zelda_(Series).html
2762,Graveyard_(Four_Swords_Adventures).html,is,Location,from,The_Legend_of_Zelda__Four_Swords_Adventures.html
2763,Graveyard_(Skyward_Sword).html,is,Location,from,The_Legend_of_Zelda__Skyward_Sword.html
2764,Graveyard_(The_Legend_of_Zelda).html,is,Location,from,The_Legend_of_Zelda.html
2765,Graveyard_Boy.html,is,Character,in,The_Legend_of_Zelda__Ocarina_of_Time.html
2766,Graveyard_Key.html,is,Item,in,The_Legend_of_Zelda_series.html
2767,Graveyard_Key.html,is,Item,in,The_Legend_of_Zelda_(Series).html
2768,Gray_Dye.html,are,Object,in,The_Legend_of_Zelda__Breath_of_the_Wild.html
2769,Grayblade.html,is,Character,from,The_Legend_of_Zelda__The_Minish_Cap.html
2770,Grayblade.html,are,Character,in,The_Legend_of_Zelda__The_Minish_Cap.html
2771,Great_Bay.html,is,Location,from,The_Legend_of_Zelda__Majora%27s_Mask.html
2772,Great_Bay_Coast.html,is,Location,from,The_Legend_of_Zelda__Majora%27s_Mask.html
2773,Great_Bay_Coast.html,is,Location,from,The_Legend_of_Zelda__Majora%27s_Mask.html
2774,Great_Bay_Coast.html,is,Location,in,The_Legend_of_Zelda__Majora%27s_Mask.html
2775,Great_Bay_Temple.html,is,Dungeon,in,The_Legend_of_Zelda__Majora%27s_Mask.html
2776,Great_Bay_Temple.html,is,Dungeon,in,The_Legend_of_Zelda__Majora%27s_Mask.html
2777,Great_Bird's_Forces.html,are,Group,in,Hyrule_Warriors.html
2778,Great_Butterfly_Fairy.html,is,Character,from,The_Legend_of_Zelda__Four_Swords.html
2779,Great_Cliffs.html,is,Location,in,The_Legend_of_Zelda__Breath_of_the_Wild.html
2780,Great_Cliffs.html,are,Location,in,The_Legend_of_Zelda__Breath_of_the_Wild.html
2781,Great_Deku_Tree's_Meadow.html,is,Location,from,The_Legend_of_Zelda__Ocarina_of_Time.html
2782,Great_Deku_Tree's_Navel.html,is,Location,from,The_Legend_of_Zelda__Breath_of_the_Wild.html
2783,Great_Deku_Tree's_Navel.html,is,Location,in,The_Legend_of_Zelda__Breath_of_the_Wild.html
2784,Great_Deku_Tree.html,is,Character,in,The_Legend_of_Zelda_series.html
2785,Great_Dragonfly_Fairy.html,is,Character,from,The_Legend_of_Zelda__Four_Swords.html
2786,Great_Dry_Canyon.html,is,Location,in,Zelda%27s_Adventure.html
2787,Great_Eagle_Bow.html,is,Item,from,The_Legend_of_Zelda__Breath_of_the_Wild.html
2788,Great_Fairy's_Fountain.html,is,Location,in,The_Legend_of_Zelda_(Series).html
2789,Great_Fairy's_Mask.html,is,Mask,in,The_Legend_of_Zelda__Majora%27s_Mask.html
2790,Great_Fairy's_Sword.html,is,Sword,from,The_Legend_of_Zelda__Majora%27s_Mask.html
2791,Great_Fairy's_Tears.html,are,Item,in,The_Legend_of_Zelda__Twilight_Princess.html
2792,Great_Fairy_Fountain.html,are,Location,in,The_Legend_of_Zelda_series.html
2793,Great_Fairy_Fountain.html,are,Location,in,The_Legend_of_Zelda_series.html
2794,Great_Fairy_Fountain.html,is,Location,in,The_Legend_of_Zelda_(Series).html
2795,Great_Fairy_Mask.html,is,Mask,in,The_Legend_of_Zelda__Majora%27s_Mask.html
2796,Great_Fairy_Sword_I.html,are,Object,in,Hyrule_Warriors_Legends.html
2797,Great_Fairy_Sword_II.html,are,Object,in,Hyrule_Warriors_Legends.html
2798,Great_Fairy_Sword_III.html,are,Object,in,Hyrule_Warriors_Legends.html
2799,Great_Fairy_Sword_IV.html,are,Object,in,Hyrule_Warriors_Legends.html
2800,Great_Fairy_of_Courage.html,is,Character,in,The_Legend_of_Zelda_series.html
2801,Great_Fairy_of_Flame.html,is,Character,from,The_Legend_of_Zelda__Four_Swords.html
2802,Great_Fairy_of_Flame.html,is,Character,in,The_Legend_of_Zelda__Four_Swords.html
2803,Great_Fairy_of_Forest.html,is,Character,from,The_Legend_of_Zelda__Four_Swords.html
2804,Great_Fairy_of_Forest.html,is,Character,in,The_Legend_of_Zelda__Four_Swords.html
2805,Great_Fairy_of_Ice.html,is,Character,from,The_Legend_of_Zelda__Four_Swords.html
2806,Great_Fairy_of_Ice.html,is,Character,in,The_Legend_of_Zelda__Four_Swords.html
2807,Great_Fairy_of_Kindness.html,is,Character,from,The_Legend_of_Zelda__Majora%27s_Mask.html
2808,Great_Fairy_of_Magic.html,is,Character,in,The_Legend_of_Zelda_series.html
2809,Great_Fairy_of_Power.html,is,Character,in,The_Legend_of_Zelda_series.html
2810,Great_Fairy_of_Wisdom.html,is,Character,in,The_Legend_of_Zelda_series.html
2811,Great_Flameblade.html,is,Item,from,The_Legend_of_Zelda__Breath_of_the_Wild.html
2812,Great_Frostblade.html,is,Item,from,The_Legend_of_Zelda__Breath_of_the_Wild.html
2813,Great_Gerudo_Skeleton.html,is,Location,in,The_Legend_of_Zelda__Breath_of_the_Wild.html
2814,Great_Hyrule_Forest.html,is,Location,from,The_Legend_of_Zelda__Breath_of_the_Wild.html
2815,Great_Hyrule_Forest.html,is,Location,in,The_Legend_of_Zelda__Breath_of_the_Wild.html
2816,Great_King_of_Hyrule_(The_Adventure_of_Link).html,is,Character,from,Zelda_II__The_Adventure_of_Link/Prologue.html
2817,Great_Mayfly_Fairy.html,is,Character,from,The_Legend_of_Zelda__Four_Swords.html
2818,Great_Moblin's_Keep.html,is,Dungeon,in,The_Legend_of_Zelda__Oracle_of_Seasons.html
2819,Great_Moblin.html,is,Boss,in,Oracle_Series.html
2820,Great_Palace.html,is,Dungeon,in,Zelda_II__The_Adventure_of_Link.html
2821,Great_Palace.html,is,Dungeon,of,Link.html
2822,Great_Plateau.html,is,Location,from,Old_Man.html#The_Legend_of_Zelda:_Breath_of_the_Wild
2823,Great_Plateau_Tower.html,is,Location,from,The_Legend_of_Zelda__Breath_of_the_Wild.html
2824,Great_Rupee_Fairy.html,is,Character,from,The_Legend_of_Zelda__A_Link_Between_Worlds.html
2825,Great_Sea.html,is,Location,in,The_Legend_of_Zelda__The_Wind_Waker.html
2826,Great_Statue.html,is,Object,from,The_Legend_of_Zelda__Skyward_Sword.html
2827,Great_Swamp.html,is,Location,from,The_Legend_of_Zelda__A_Link_to_the_Past.html
2828,Great_Swamp.html,is,Location,in,Swamp_Palace_(A_Link_to_the_Past).html
2829,Great_Thunderblade.html,is,Item,from,The_Legend_of_Zelda__Breath_of_the_Wild.html
2830,Great_Tree.html,is,Location,from,The_Legend_of_Zelda__Skyward_Sword.html
2831,Great_Zora_Bridge.html,is,Location,in,The_Legend_of_Zelda__Breath_of_the_Wild.html
2832,Greatblade.html,is,Character,from,The_Legend_of_Zelda__The_Minish_Cap.html
2833,Greatblade.html,are,Character,in,The_Legend_of_Zelda__The_Minish_Cap.html
2834,Greatfish_Isle.html,is,Location,from,The_Legend_of_Zelda__The_Wind_Waker.html
2835,Greba.html,is,Character,from,The_Legend_of_Zelda__Skyward_Sword.html
2836,Greba.html,is,Character,in,The_Legend_of_Zelda__Skyward_Sword.html
2837,Green_Bokoblin.html,are,Enemy,in,The_Legend_of_Zelda_series.html
2838,Green_Bokoblin.html,are,Enemy,in,The_Legend_of_Zelda_(Series).html
2839,Green_Bubble.html,are,Enemy,in,The_Legend_of_Zelda_(Series).html
2840,Green_Chu_Jelly.html,is,Item,in,The_Legend_of_Zelda_series.html
2841,Green_Chu_Jelly.html,is,Item,in,The_Legend_of_Zelda_(Series).html
2842,Green_Dye.html,are,Object,in,The_Legend_of_Zelda__Breath_of_the_Wild.html
2843,Green_Joy_Ring.html,are,Item,in,The_Legend_of_Zelda__Oracle_of_Ages.html
2844,Green_Knight.html,is,Character,from,The_Legend_of_Zelda__Four_Swords_Adventures.html
2845,Green_Potion.html,is,Item,in,The_Legend_of_Zelda_series.html
2846,Green_Ring.html,are,Item,in,The_Legend_of_Zelda__Oracle_of_Ages.html
2847,Green_Ting.html,is,Item,from,The_Legend_of_Zelda__The_Wind_Waker.html
2848,Green_Tunic.html,is,Item,from,The_Legend_of_Zelda__A_Link_Between_Worlds.html
2849,Gregal's_Ghost.html,is,Character,in,The_Legend_of_Zelda__The_Minish_Cap.html
2850,Gregal.html,is,Character,from,The_Legend_of_Zelda__The_Minish_Cap.html
2851,Gregal.html,is,Character,in,The_Legend_of_Zelda__The_Minish_Cap.html
2852,Greta.html,is,Character,in,The_Legend_of_Zelda__Breath_of_the_Wild.html
2853,Greta.html,is,Character,in,The_Legend_of_Zelda__Breath_of_the_Wild.html
2854,Greyson.html,is,Character,from,The_Legend_of_Zelda__Breath_of_the_Wild.html
2855,Greyson.html,is,Character,in,The_Legend_of_Zelda__Breath_of_the_Wild.html
2856,Grilled_Rock_Roast.html,is,Item,in,The_Legend_of_Zelda__Breath_of_the_Wild.html
2857,Grim_Creeper.html,is,Boss,of,Eagle%27s_Tower.html
2858,Grim_Creeper.html,is,Boss,in,The_Legend_of_Zelda__Link%27s_Awakening.html
2859,Grim_Repoe.html,is,Boss,of,Palace_Noir.html
2860,Grimblade.html,is,Character,from,The_Legend_of_Zelda__The_Minish_Cap.html
2861,Grimblade.html,are,Character,in,The_Legend_of_Zelda__The_Minish_Cap.html
2862,Grimbo.html,is,Character,in,Zelda__The_Wand_of_Gamelon.html
2863,Grinexx.html,is,Boss,of,Turtle_Rock_(A_Link_Between_Worlds).html
2864,Grinexx.html,is,Boss,of,Turtle_Rock_(A_Link_Between_Worlds).html
2865,Grinnden_Plains.html,are,Location,from,The_Legend_of_Zelda__Breath_of_the_Wild.html
2866,Grip_Ring.html,is,Item,from,The_Legend_of_Zelda__The_Minish_Cap.html
2867,Grip_Ring.html,is,Item,in,The_Legend_of_Zelda__The_Minish_Cap.html
2868,Gripshot.html,is,Item,from,The_Legend_of_Zelda__Tri_Force_Heroes.html
2869,Gripshot.html,is,Item,in,The_Legend_of_Zelda__Tri_Force_Heroes.html
2870,Grog.html,is,Character,in,The_Legend_of_Zelda_series.html
2871,Grog.html,is,Character,in,The_Legend_of_Zelda__Ocarina_of_Time.html
2872,Groose.html,is,Character,from,Princess_Zelda.html
2873,Groose.html,is,Character,in,Princess_Zelda.html#Skyward_Sword
2874,Groosenator.html,is,Object,from,The_Legend_of_Zelda__Skyward_Sword.html
2875,Groosenator.html,is,Object,in,The_Legend_of_Zelda__Skyward_Sword.html
2876,Growler.html,is,Character,from,The_Legend_of_Zelda__The_Minish_Cap.html
2877,Gruve.html,is,Character,in,The_Legend_of_Zelda__Breath_of_the_Wild.html
2878,Gruve.html,is,Character,in,The_Legend_of_Zelda__Breath_of_the_Wild.html
2879,Guard's_Chamber.html,is,Dungeon,of,The_Legend_of_Zelda__Breath_of_the_Wild.html
2880,Guard_Captain_Russell.html,is,Character,in,The_Legend_of_Zelda__Spirit_Tracks.html
2881,Guard_Notebook.html,is,Item,in,Phantom_Hourglass_Trading_Sequence.html
2882,Guardian_Acorn.html,are,Item,from,The_Legend_of_Zelda__Link%27s_Awakening.html
2883,Guardian_Acorn.html,are,Item,in,The_Legend_of_Zelda__Link%27s_Awakening.html
2884,Guardian_Potion.html,is,Item,from,The_Legend_of_Zelda__Skyward_Sword.html
2885,Guardian_Scout.html,are,Enemy,in,The_Legend_of_Zelda__Breath_of_the_Wild.html
2886,Guardian_Scout_I.html,are,Enemy,in,The_Legend_of_Zelda__Breath_of_the_Wild.html
2887,Guardian_Scout_II.html,are,Enemy,in,The_Legend_of_Zelda__Breath_of_the_Wild.html
2888,Guardian_Scout_III.html,are,Enemy,in,The_Legend_of_Zelda__Breath_of_the_Wild.html
2889,Guardian_Scout_IV.html,are,Enemy,in,The_Legend_of_Zelda__Breath_of_the_Wild.html
2890,Guardian_Seed.html,are,Item,in,The_Legend_of_Zelda__Link%27s_Awakening.html
2891,Guardian_Shield++.html,is,Item,from,The_Legend_of_Zelda__Breath_of_the_Wild.html
2892,Guardian_Shield+.html,is,Item,from,The_Legend_of_Zelda__Breath_of_the_Wild.html
2893,Guardian_Shield.html,is,Item,from,The_Legend_of_Zelda__Breath_of_the_Wild.html
2894,Guardian_Skywatcher.html,are,Enemy,from,The_Legend_of_Zelda__Breath_of_the_Wild.html
2895,Guardian_Skywatcher.html,are,Enemy,in,The_Legend_of_Zelda__Breath_of_the_Wild.html
2896,Guardian_Slideshow.html,is,Quest,in,The_Legend_of_Zelda__Breath_of_the_Wild.html
2897,Guardian_Spear++.html,is,Item,in,The_Legend_of_Zelda__Breath_of_the_Wild.html
2898,Guardian_Spear+.html,is,Item,in,The_Legend_of_Zelda__Breath_of_the_Wild.html
2899,Guardian_Spear.html,is,Item,in,The_Legend_of_Zelda__Breath_of_the_Wild.html
2900,Guardian_Spear.html,are,Item,in,The_Legend_of_Zelda__Breath_of_the_Wild.html
2901,Guardian_Stalker.html,are,Enemy,from,The_Legend_of_Zelda__Breath_of_the_Wild.html
2902,Guardian_Stalker.html,are,Enemy,in,The_Legend_of_Zelda__Breath_of_the_Wild.html
2903,Guardian_Sword++.html,is,Item,from,The_Legend_of_Zelda__Breath_of_the_Wild.html
2904,Guardian_Sword+.html,is,Item,from,The_Legend_of_Zelda__Breath_of_the_Wild.html
2905,Guardian_Sword.html,is,Item,from,The_Legend_of_Zelda__Breath_of_the_Wild.html
2906,Guardian_Turret.html,are,Enemy,in,The_Legend_of_Zelda__Skyward_Sword.html
2907,Guardian_Turret.html,are,Enemy,in,The_Legend_of_Zelda__Breath_of_the_Wild.html
2908,Guardian_of_Time.html,is,Character,in,Hyrule_Warriors_series.html
2909,Guardians_of_the_Great_Ice_Field.html,is,Group,from,The_Legend_of_Zelda__Phantom_Hourglass.html
2910,Guards'_Chamber.html,is,Location,from,The_Legend_of_Zelda__Breath_of_the_Wild.html
2911,Guards'_Chamber.html,is,Dungeon,of,The_Legend_of_Zelda__Breath_of_the_Wild.html
2912,Guay.html,are,Enemy,in,The_Legend_of_Zelda_series.html
2913,Gubasha_Desert.html,is,Location,in,Zelda%27s_Adventure.html
2914,Guchini_Plain.html,is,Location,from,The_Legend_of_Zelda__Breath_of_the_Wild.html
2915,Guchini_Plain_Barrows.html,are,Location,from,The_Legend_of_Zelda__Breath_of_the_Wild.html
2916,Guide.html,is,Character,from,The_Legend_of_Zelda__Majora%27s_Mask.html
2917,Guitar_of_Waves.html,is,Item,in,The_Legend_of_Zelda__Majora%27s_Mask.html
2918,Guld.html,is,Character,from,The_Legend_of_Zelda__Skyward_Sword.html
2919,Guld.html,is,Character,in,The_Legend_of_Zelda__Skyward_Sword.html
2920,Gulley.html,is,Character,from,The_Legend_of_Zelda__A_Link_to_the_Past.html
2921,Gulley.html,is,Character,in,Blacksmith_(A_Link_Between_Worlds).html
2922,Gully.html,is,Character,from,The_Legend_of_Zelda__Skyward_Sword.html
2923,Gully.html,is,Character,in,The_Legend_of_Zelda__Skyward_Sword.html
2924,Guma.html,are,Enemy,from,Zelda_II__The_Adventure_of_Link.html
2925,Gummy.html,is,Character,from,The_Legend_of_Zelda__The_Wind_Waker.html
2926,Gumo.html,is,Character,from,The_Legend_of_Zelda__Phantom_Hourglass.html
2927,Gumo.html,is,Character,in,The_Legend_of_Zelda__Phantom_Hourglass.html
2928,Guru-Guru.html,is,Character,in,The_Legend_of_Zelda_series.html
2929,Gust_Bellow.html,is,Item,in,The_Legend_of_Zelda__Skyward_Sword.html
2930,Gust_Bellows.html,is,Item,from,The_Legend_of_Zelda__Skyward_Sword.html
2931,Gust_Bellows.html,is,Item,in,The_Legend_of_Zelda__Skyward_Sword.html
2932,Gust_Jar.html,is,Item,in,The_Legend_of_Zelda_series.html
2933,Gust_Jar.html,is,Item,in,The_Legend_of_Zelda_(Series).html
2934,Gut_Check_Rock.html,is,Location,in,The_Legend_of_Zelda__Breath_of_the_Wild.html
2935,Gut_Check_Rock.html,is,Location,in,The_Legend_of_Zelda__Breath_of_the_Wild.html
2936,Guufo.html,is,Character,from,The_Legend_of_Zelda__Ocarina_of_Time_(manga).html
2937,Guy.html,is,Character,in,The_Legend_of_Zelda__Breath_of_the_Wild.html
2938,Guy.html,is,Character,in,The_Legend_of_Zelda__Breath_of_the_Wild.html
2939,Gwonam.html,is,Character,from,Link.html
2940,Gyorg's_Remains.html,are,Item,in,The_Legend_of_Zelda__Majora%27s_Mask.html
2941,Gyorg.html,are,Enemy,in,The_Legend_of_Zelda_series.html
2942,Gyorg_(Boss).html,is,Boss,of,Great_Bay.html
2943,Gyorg_(Enemy).html,is,Enemy,in,The_Legend_of_Zelda_(Series).html
2944,Gyorg_(Majora's_Mask).html,is,Boss,of,Great_Bay_Temple.html
2945,Gyorg_Pair.html,are,Boss,of,Palace_of_Winds_(The_Minish_Cap).html
2946,Gyorg_Pair.html,are,Boss,in,The_Legend_of_Zelda__The_Minish_Cap.html
2947,Gyorm.html,are,Enemy,from,The_Legend_of_Zelda__A_Link_Between_Worlds.html
2948,Gūma.html,is,Enemy,in,Zelda_II__The_Adventure_of_Link.html
2949,Ha_Dahamar.html,is,Character,from,The_Legend_of_Zelda__Breath_of_the_Wild.html
2950,Ha_Dahamar_Shrine.html,is,Shrine,from,The_Legend_of_Zelda__Breath_of_the_Wild.html
2951,Hagie.html,is,Character,in,The_Legend_of_Zelda__Breath_of_the_Wild.html
2952,Hailey.html,is,Character,from,The_Legend_of_Zelda__The_Minish_Cap.html
2953,Hairy_Fluffy.html,are,Enemy,in,Freshly-Picked_Tingle%27s_Rosy_Rupeeland.html
2954,Hall_of_Wealth.html,is,Location,from,The_Legend_of_Zelda__The_Wind_Waker.html
2955,Hammer.html,is,Item,in,The_Legend_of_Zelda_series.html
2956,Hammer.html,is,Item,in,The_Legend_of_Zelda_(Series).html
2957,Hammerwear.html,is,Item,from,The_Legend_of_Zelda__Tri_Force_Heroes.html
2958,Hamsha.html,is,Character,in,Link__The_Faces_of_Evil.html
2959,Hanch.html,is,Character,in,The_Legend_of_Zelda__Twilight_Princess.html
2960,Hand-Me-Down_Tingle_Tuner.html,is,Item,from,The_Legend_of_Zelda__The_Wind_Waker.html
2961,Handrail.html,are,Object,in,The_Legend_of_Zelda__Phantom_Hourglass.html
2962,Handy_Glove.html,is,Item,from,Zelda_II__The_Adventure_of_Link.html
2963,Handy_Glove.html,is,Item,in,The_Legend_of_Zelda_(Series).html
2964,Hannah.html,are,Character,in,The_Legend_of_Zelda__Twilight_Princess.html
2965,Hanu_Pond.html,is,Location,from,The_Legend_of_Zelda__Breath_of_the_Wild.html
2966,Hanyu_Forest.html,is,Location,in,Zelda__The_Wand_of_Gamelon.html
2967,Happy_Hearth_Inn.html,is,Location,from,The_Legend_of_Zelda__The_Minish_Cap.html
2968,Happy_Mask_Salesman.html,is,Character,in,The_Legend_of_Zelda__Majora%27s_Mask.html
2969,Happy_Mask_Shop.html,is,Shop,from,The_Legend_of_Zelda__Ocarina_of_Time.html
2970,Happy_Mask_side_quest.html,is,Quest,from,The_Legend_of_Zelda__Ocarina_of_Time.html
2971,Haran_Lake.html,is,Location,in,The_Legend_of_Zelda__Breath_of_the_Wild.html
2972,Harbanno.html,is,Character,in,Zelda__The_Wand_of_Gamelon.html
2973,Hard-Boiled_Egg.html,is,Item,from,The_Legend_of_Zelda__Breath_of_the_Wild.html
2974,Hard_Ore.html,are,Item,in,The_Legend_of_Zelda__Oracle_of_Seasons.html
2975,Harfin_Valley.html,is,Location,in,The_Legend_of_Zelda__Breath_of_the_Wild.html
2976,Harkannian.html,is,Character,in,The_Legend_of_Zelda_(Valiant_Comics).html
2977,Harker_Lake.html,is,Location,in,The_Legend_of_Zelda__Breath_of_the_Wild.html
2978,Harkinian.html,is,Character,in,The_Legend_of_Zelda_(Valiant_Comics).html
2979,Harlequin.html,is,Boss,of,Link__The_Faces_of_Evil.html
2980,Harlequin.html,is,Boss,in,Link__The_Faces_of_Evil.html
2981,Harlequin_Bazaar.html,is,Location,in,Link__The_Faces_of_Evil.html
2982,Harlow.html,is,Character,in,The_Legend_of_Zelda__Breath_of_the_Wild.html
2983,Harlow.html,is,Character,in,The_Legend_of_Zelda__Breath_of_the_Wild.html
2984,Harp.html,is,Item,in,The_Legend_of_Zelda_(Series).html
2985,Harp_of_Ages.html,is,Item,in,The_Legend_of_Zelda__Oracle_of_Ages.html
2986,Harrison.html,is,Character,from,The_Legend_of_Zelda__The_Minish_Cap.html
2987,Harth.html,is,Character,in,The_Legend_of_Zelda__Breath_of_the_Wild.html
2988,Harth.html,is,Character,in,The_Legend_of_Zelda__Breath_of_the_Wild.html
2989,Hasty_Elixir.html,is,Item,in,The_Legend_of_Zelda__Breath_of_the_Wild.html
2990,Hasty_Meat_&_Mushroom_Skewer.html,is,Item,in,The_Legend_of_Zelda__Breath_of_the_Wild.html
2991,Hasty_Meat_and_Mushroom_Skewer.html,is,Item,in,The_Legend_of_Zelda__Breath_of_the_Wild.html
2992,Hasty_Mushroom_Skewer.html,is,Item,in,The_Legend_of_Zelda__Breath_of_the_Wild.html
2993,Hateno_Ancient_Tech_Lab.html,is,Location,in,The_Legend_of_Zelda__Breath_of_the_Wild.html
2994,Hateno_Bay.html,is,Location,from,The_Legend_of_Zelda__Breath_of_the_Wild.html
2995,Hateno_Beach.html,is,Location,from,The_Legend_of_Zelda__Breath_of_the_Wild.html
2996,Hateno_Pasture.html,is,Location,from,The_Legend_of_Zelda__Breath_of_the_Wild.html
2997,Hateno_Tower.html,is,Location,in,The_Legend_of_Zelda__Breath_of_the_Wild.html
2998,Hateno_Village.html,is,Location,from,The_Legend_of_Zelda__Breath_of_the_Wild.html
2999,Hateno_Village.html,is,Location,in,The_Legend_of_Zelda__Breath_of_the_Wild.html
3000,Haunted_Grove.html,is,Location,from,The_Legend_of_Zelda__A_Link_to_the_Past.html
3001,Haunted_Wasteland.html,is,Location,from,The_Legend_of_Zelda__Ocarina_of_Time.html
3002,Hawa_Koth.html,is,Character,from,The_Legend_of_Zelda__Breath_of_the_Wild.html
3003,Hawa_Koth_Shrine.html,is,Shrine,from,The_Legend_of_Zelda__Breath_of_the_Wild.html
3004,Hawk_Grass.html,are,Object,in,The_Legend_of_Zelda__Twilight_Princess.html
3005,Hawkeye.html,is,Item,in,The_Legend_of_Zelda__Twilight_Princess.html
3006,Hawkeye_I.html,are,Object,in,Hyrule_Warriors_Legends.html
3007,Hawkeye_II.html,are,Object,in,Hyrule_Warriors_Legends.html
3008,Head_Thwomp.html,is,Boss,of,Dungeon.html
3009,Head_Thwomp.html,is,Boss,of,Wing_Dungeon.html
3010,Heart.html,are,Object,in,The_Legend_of_Zelda_(Series).html
3011,Heart_Medal.html,are,Item,in,The_Legend_of_Zelda_(Series).html
3012,Heart_Potion.html,is,Item,from,The_Legend_of_Zelda__Skyward_Sword.html
3013,Heart_Ring_L-1.html,are,Item,in,The_Legend_of_Zelda__Oracle_of_Ages.html
3014,Hearty_Bass.html,are,Item,from,The_Legend_of_Zelda__Breath_of_the_Wild.html
3015,Hearty_Clam_Chowder.html,is,Item,from,The_Legend_of_Zelda__Breath_of_the_Wild.html
3016,Hearty_Elixir.html,is,Item,from,The_Legend_of_Zelda__Breath_of_the_Wild.html
3017,Hearty_Fried_Wild_Greens.html,are,Item,in,The_Legend_of_Zelda__Breath_of_the_Wild.html
3018,Hearty_Meat_&_Mushroom_Skewer.html,is,Item,in,The_Legend_of_Zelda__Breath_of_the_Wild.html
3019,Hearty_Meat_and_Mushroom_Skewer.html,is,Item,in,The_Legend_of_Zelda__Breath_of_the_Wild.html
3020,Hearty_Mushroom_Skewer.html,is,Item,in,The_Legend_of_Zelda__Breath_of_the_Wild.html
3021,Hearty_Salmon_Meuniäre.html,is,Item,from,The_Legend_of_Zelda__Breath_of_the_Wild.html
3022,Hearty_Salt-Grilled_Fish.html,is,Item,in,The_Legend_of_Zelda__Breath_of_the_Wild.html
3023,Hearty_Steamed_Meat.html,is,Item,in,The_Legend_of_Zelda__Breath_of_the_Wild.html
3024,Hearty_Steamed_Mushrooms.html,are,Item,in,The_Legend_of_Zelda__Breath_of_the_Wild.html
3025,Hearty_Wild_Greens.html,are,Item,from,The_Legend_of_Zelda__Breath_of_the_Wild.html
3026,Heatoise.html,are,Enemy,from,The_Legend_of_Zelda__Spirit_Tracks.html
3027,Hebra's_Hill.html,is,Location,from,The_Legend_of_Zelda_series.html
3028,Hebra's_Hill.html,is,Location,in,The_Legend_of_Zelda__Four_Swords_Adventures.html
3029,Hebra.html,is,Location,from,The_Legend_of_Zelda__Breath_of_the_Wild.html
3030,Hebra_East_Summit.html,is,Location,in,The_Legend_of_Zelda__Breath_of_the_Wild.html
3031,Hebra_Falls.html,are,Location,in,The_Legend_of_Zelda__Breath_of_the_Wild.html
3032,Hebra_Great_Skeleton.html,is,Location,from,The_Legend_of_Zelda__Breath_of_the_Wild.html
3033,Hebra_Headspring.html,is,Location,in,The_Legend_of_Zelda__Breath_of_the_Wild.html
3034,Hebra_Mountains.html,is,Location,from,The_Legend_of_Zelda__Breath_of_the_Wild.html
3035,Hebra_North_Crest.html,is,Location,in,The_Legend_of_Zelda__Breath_of_the_Wild.html
3036,Hebra_North_Summit.html,is,Location,in,The_Legend_of_Zelda__Breath_of_the_Wild.html
3037,Hebra_Peak.html,is,Location,in,The_Legend_of_Zelda__Breath_of_the_Wild.html
3038,Hebra_Plunge.html,is,Location,in,The_Legend_of_Zelda__Breath_of_the_Wild.html
3039,Hebra_South_Summit.html,is,Location,in,The_Legend_of_Zelda__Breath_of_the_Wild.html
3040,Hebra_Tower.html,is,Location,in,The_Legend_of_Zelda__Breath_of_the_Wild.html
3041,Hebra_Trailhead_Lodge.html,is,Location,from,The_Legend_of_Zelda__Breath_of_the_Wild.html
3042,Hebra_Tundra.html,is,Location,in,The_Legend_of_Zelda__Breath_of_the_Wild.html
3043,Hebra_West_Summit.html,is,Location,in,The_Legend_of_Zelda__Breath_of_the_Wild.html
3044,Hectan.html,is,Boss,in,Zelda__The_Wand_of_Gamelon.html
3045,Heedle.html,are,Enemy,from,The_Legend_of_Zelda__A_Link_Between_Worlds.html
3046,Heehi.html,is,Character,from,The_Legend_of_Zelda__Breath_of_the_Wild.html
3047,Heehl.html,is,Character,in,The_Legend_of_Zelda__Breath_of_the_Wild.html
3048,Heehl.html,is,Character,in,The_Legend_of_Zelda__Breath_of_the_Wild.html
3049,Hektan.html,is,Boss,in,Zelda__The_Wand_of_Gamelon.html
3050,Helmaroc.html,is,Boss,in,The_Legend_of_Zelda_(Series).html
3051,Helmaroc_King.html,is,Character,in,The_Legend_of_Zelda_series.html
3052,Helmaroc_King.html,is,Boss,in,The_Legend_of_Zelda_(Series).html
3053,Helmaroc_King_(Four_Swords_Adventures).html,is,Boss,from,The_Legend_of_Zelda__Four_Swords_Adventures.html
3054,Helmaroc_King_(The_Wind_Waker).html,is,Boss,from,The_Legend_of_Zelda__The_Wind_Waker.html
3055,Helmaroc_Plume.html,is,Item,in,The_Legend_of_Zelda_(Series).html
3056,Helmasaur.html,are,Enemy,in,The_Legend_of_Zelda_series.html
3057,Helmasaur.html,are,Enemy,in,The_Legend_of_Zelda_(Series).html
3058,Helmasaur_King.html,is,Boss,of,Palace_of_Darkness.html
3059,Helmasaurs.html,are,Enemy,in,The_Legend_of_Zelda_(Series).html
3060,Helmasaurus.html,are,Enemy,in,The_Legend_of_Zelda_(Series).html
3061,Helmethead.html,is,Boss,of,Midoro_Palace.html
3062,Helmethead.html,is,Boss,of,Midoro_Palace.html
3063,Helmhead_Bridge.html,is,Location,in,The_Legend_of_Zelda__Breath_of_the_Wild.html
3064,Helping_Romani_and_Cremia.html,is,Quest,in,Bombers%27_Notebook.html
3065,Hemaar's_Descent.html,is,Location,in,The_Legend_of_Zelda__Breath_of_the_Wild.html
3066,Hemaar's_Descent.html,is,Location,in,The_Legend_of_Zelda__Breath_of_the_Wild.html
3067,Hen_House.html,is,Location,from,The_Legend_of_Zelda__Link%27s_Awakening.html
3068,Hen_House.html,is,Location,in,The_Legend_of_Zelda__Link%27s_Awakening.html
3069,Hena's_Fishing_Hole.html,is,Location,in,The_Legend_of_Zelda_(Series).html
3070,Hena.html,is,Character,in,The_Legend_of_Zelda__Twilight_Princess.html
3071,Henya.html,is,Character,from,The_Legend_of_Zelda__Skyward_Sword.html
3072,Henya.html,is,Character,in,The_Legend_of_Zelda__Skyward_Sword.html
3073,Herb.html,is,Character,from,The_Legend_of_Zelda__The_Minish_Cap.html
3074,Herb.html,is,Character,in,The_Legend_of_Zelda__The_Minish_Cap.html
3075,Herb_SautÇ.html,is,Item,from,The_Legend_of_Zelda__Breath_of_the_Wild.html
3076,Herin_Lake.html,is,Location,from,The_Legend_of_Zelda__Breath_of_the_Wild.html
3077,Herker_Lake.html,is,Location,in,The_Legend_of_Zelda__Breath_of_the_Wild.html
3078,Hermit_Flat.html,is,Location,in,Link__The_Faces_of_Evil.html
3079,Hero's_Bow.html,is,Item,in,The_Legend_of_Zelda_series.html
3080,Hero's_Bow.html,is,Item,throughout,The_Legend_of_Zelda__The_Wind_Waker.html
3081,Hero's_Bow.html,is,Item,throughout,The_Legend_of_Zelda__The_Wind_Waker.html
3082,Hero's_Cave.html,is,Dungeon,in,The_Legend_of_Zelda__Oracle_of_Ages.html
3083,Hero's_Charm.html,is,Mask,from,The_Legend_of_Zelda__The_Wind_Waker.html
3084,Hero's_Charm.html,is,Item,in,The_Legend_of_Zelda__The_Wind_Waker.html
3085,Hero's_Flag.html,is,Item,in,Quest_for_the_Shop_Guru_Statue.html
3086,Hero's_Flag.html,are,Item,in,The_Legend_of_Zelda__The_Wind_Waker.html
3087,Hero's_New_Clothes.html,are,Item,in,The_Legend_of_Zelda_series.html
3088,Hero's_Shield.html,is,Shield,in,The_Legend_of_Zelda_series.html
3089,Hero's_Shrine.html,is,Dungeon,in,Freshly-Picked_Tingle%27s_Rosy_Rupeeland.html
3090,Hero's_Sword.html,is,Sword,in,The_Legend_of_Zelda_series.html
3091,Hero's_Trial.html,is,Location,from,The_Legend_of_Zelda__Four_Swords.html#The_Legend_of_Zelda:_Four_Swords_Anniversary_Edition
3092,Hero's_Trial.html,is,Stage,in,The_Legend_of_Zelda__Four_Swords_Anniversary_Edition.html
3093,Hero's_Tunic.html,is,Item,from,The_Legend_of_Zelda__Tri_Force_Heroes.html
3094,Hero_Tunic.html,is,Item,from,The_Legend_of_Zelda__Tri_Force_Heroes.html
3095,Hestu's_Gift.html,is,Item,in,The_Legend_of_Zelda__Breath_of_the_Wild.html
3096,Hestu's_Gift.html,is,Item,in,The_Legend_of_Zelda__Breath_of_the_Wild.html
3097,Hestu's_Maracas.html,are,Item,from,The_Legend_of_Zelda__Breath_of_the_Wild.html
3098,Hestu's_Maracas.html,are,Item,in,The_Legend_of_Zelda__Breath_of_the_Wild.html
3099,Hestu.html,is,Character,from,The_Legend_of_Zelda__Breath_of_the_Wild.html
3100,Hestu.html,is,Character,in,The_Legend_of_Zelda__Breath_of_the_Wild.html
3101,Hia_Miu.html,is,Character,from,The_Legend_of_Zelda__Breath_of_the_Wild.html
3102,Hia_Miu_Shrine.html,is,Shrine,from,The_Legend_of_Zelda__Breath_of_the_Wild.html
3103,Hibiscus.html,is,Item,in,The_Legend_of_Zelda__Link%27s_Awakening.html
3104,Hibiscus.html,is,Item,in,The_Legend_of_Zelda__Link%27s_Awakening.html
3105,Hickaly_Woods.html,are,Location,from,The_Legend_of_Zelda__Breath_of_the_Wild.html
3106,Hidden_Palace.html,is,Dungeon,in,Zelda_II__The_Adventure_of_Link.html
3107,Hidden_Town_of_Kasuto.html,is,Location,from,Zelda_II__The_Adventure_of_Link.html
3108,Hidden_Village.html,is,Location,in,The_Legend_of_Zelda__Twilight_Princess.html
3109,High_Dive_Practice_Spot.html,is,Location,from,The_Legend_of_Zelda__Ocarina_of_Time.html
3110,High_Dominion_Rod.html,is,Item,in,The_Legend_of_Zelda_(Series).html
3111,High_Spirits_Produce.html,is,Shop,from,The_Legend_of_Zelda__Breath_of_the_Wild.html
3112,Highland_Stable.html,is,Location,from,The_Legend_of_Zelda__Breath_of_the_Wild.html
3113,Hikkun.html,are,Enemy,from,The_Legend_of_Zelda__Four_Swords.html
3114,Hila_Rao.html,is,Character,from,The_Legend_of_Zelda__Breath_of_the_Wild.html
3115,Hila_Rao_Shrine.html,is,Shrine,from,The_Legend_of_Zelda__Breath_of_the_Wild.html
3116,Hills_of_Baumer.html,is,Location,from,The_Legend_of_Zelda__Breath_of_the_Wild.html
3117,Hino.html,is,Character,from,The_Legend_of_Zelda__Breath_of_the_Wild.html
3118,Hino.html,is,Character,in,The_Legend_of_Zelda__Breath_of_the_Wild.html
3119,Hinox.html,are,Enemy,in,The_Legend_of_Zelda_series.html
3120,Hinox.html,are,Enemy,in,The_Legend_of_Zelda_(Series).html
3121,Hinox_(Character).html,is,Character,in,The_Legend_of_Zelda__A_Link_Between_Worlds.html
3122,Hinox_(Middle_Kin).html,is,Boss,from,The_Legend_of_Zelda__Breath_of_the_Wild.html
3123,Hinox_(Oldest_Kin).html,is,Boss,from,The_Legend_of_Zelda__Breath_of_the_Wild.html
3124,Hinox_(Youngest_Kin).html,is,Boss,from,The_Legend_of_Zelda__Breath_of_the_Wild.html
3125,Hinox_Bros.html,is,Group,from,The_Legend_of_Zelda__Tri_Force_Heroes.html
3126,Hinox_Guts.html,are,Item,from,The_Legend_of_Zelda__Breath_of_the_Wild.html
3127,Hint_Ghost.html,is,Character,from,The_Legend_of_Zelda__A_Link_Between_Worlds.html
3128,Hint_Glasses.html,are,Item,from,The_Legend_of_Zelda__A_Link_Between_Worlds.html
3129,Hint_Glasses.html,are,Item,in,The_Legend_of_Zelda__A_Link_Between_Worlds.html
3130,Hintobo.html,is,Character,in,The_Legend_of_Zelda__Phantom_Hourglass.html
3131,Hiploop.html,are,Enemy,in,The_Legend_of_Zelda_series.html
3132,Hiploop.html,are,Enemy,in,The_Legend_of_Zelda_(Series).html
3133,Hippo.html,is,Character,from,The_Legend_of_Zelda__Link%27s_Awakening.html
3134,Hippo_Model.html,is,Character,in,The_Legend_of_Zelda__Link%27s_Awakening.html
3135,Ho_Ho_Tribe.html,is,Group,from,The_Legend_of_Zelda__Phantom_Hourglass.html
3136,Hoarder.html,are,Enemy,in,The_Legend_of_Zelda_(Series).html
3137,Hobbies_of_the_Rich.html,is,Quest,in,The_Legend_of_Zelda__Breath_of_the_Wild.html
3138,Hoiger_Howgendoogen.html,is,Character,from,The_Legend_of_Zelda__Phantom_Hourglass.html
3139,Hokbok.html,are,Enemy,in,The_Legend_of_Zelda_series.html
3140,Hokkubokku.html,are,Enemy,in,The_Legend_of_Zelda_(Series).html
3141,Hole_of_Z.html,is,Location,from,The_Legend_of_Zelda__Ocarina_of_Time.html
3142,Hollo's_Forest_Potion_Shop.html,is,Shop,from,The_Legend_of_Zelda__The_Wind_Waker.html
3143,Hollo's_Forest_Potion_Shop.html,is,Location,in,The_Legend_of_Zelda__The_Wind_Waker.html
3144,Hollo.html,is,Character,from,The_Legend_of_Zelda__The_Wind_Waker.html
3145,Hollo.html,is,Character,in,The_Legend_of_Zelda__The_Wind_Waker.html
3146,Holodrum_Plain.html,is,Location,of,Jewels.html
3147,Hometown_Prairie.html,is,Location,from,Freshly-Picked_Tingle%27s_Rosy_Rupeeland.html
3148,Honcho.html,is,Character,from,The_Legend_of_Zelda__Spirit_Tracks.html
3149,Honey_&_Darling's_Shop.html,is,Location,from,The_Legend_of_Zelda__Majora%27s_Mask.html
3150,Honey_&_Darling's_Shop.html,is,Location,in,East_Clock_Town.html
3151,Honey_Crepe.html,is,Item,from,The_Legend_of_Zelda__Breath_of_the_Wild.html
3152,Honey_and_Darling's_Shop.html,is,Location,in,East_Clock_Town.html
3153,Honey_and_Darling.html,are,Character,in,The_Legend_of_Zelda__Ocarina_of_Time.html
3154,Honeycomb.html,is,Item,from,The_Legend_of_Zelda__Link%27s_Awakening.html
3155,Honeyed_Apple.html,is,Item,from,The_Legend_of_Zelda__Breath_of_the_Wild.html
3156,Honeyed_Fruits.html,are,Item,in,The_Legend_of_Zelda__Breath_of_the_Wild.html
3157,Hook_Beetle.html,is,Item,from,The_Legend_of_Zelda__Skyward_Sword.html
3158,Hook_Beetle.html,is,Item,in,The_Legend_of_Zelda__Skyward_Sword.html
3159,Hook_Shot.html,is,Item,in,The_Legend_of_Zelda__A_Link_to_the_Past.html
3160,Hookshot.html,is,Item,in,The_Legend_of_Zelda.html
3161,Hookshot.html,is,Item,in,The_Legend_of_Zelda.html
3162,Hookshot.html,is,Item,in,The_Legend_of_Zelda__A_Link_to_the_Past.html
3163,Hopper_Pond.html,is,Location,in,The_Legend_of_Zelda__Breath_of_the_Wild.html
3164,Hopper_Pond.html,is,Location,in,The_Legend_of_Zelda__Breath_of_the_Wild.html
3165,Horgum.html,is,Character,in,Link__The_Faces_of_Evil.html
3166,Horn_Chimney.html,are,Object,in,The_Legend_of_Zelda__Phantom_Hourglass.html
3167,Horned_Statue.html,is,Character,in,The_Legend_of_Zelda__Breath_of_the_Wild.html
3168,Hornet_Larvae.html,is,Item,from,The_Legend_of_Zelda__Skyward_Sword.html
3169,Hornet_Larvae.html,are,Item,in,The_Legend_of_Zelda_(Series).html
3170,Hornet_Larvae_I.html,are,Object,in,Hyrule_Warriors_Legends.html
3171,Hornet_Larvae_II.html,are,Object,in,Hyrule_Warriors_Legends.html
3172,Hornet_Larvae_III.html,are,Object,in,Hyrule_Warriors_Legends.html
3173,Horon_Lagoon.html,is,Location,in,The_Legend_of_Zelda__Breath_of_the_Wild.html
3174,Horon_Village.html,is,Location,of,Maku_Tree_(Oracle_of_Seasons).html
3175,Horon_Village.html,is,Location,of,Maku_Tree_(Oracle_of_Seasons).html
3176,Horon_Village.html,is,Location,like,Lynna_City.html
3177,Horse_Call.html,is,Item,in,The_Legend_of_Zelda__Twilight_Princess.html
3178,Horse_God_Bridge.html,is,Location,from,The_Legend_of_Zelda__Breath_of_the_Wild.html
3179,Horse_Grass.html,are,Object,in,The_Legend_of_Zelda__Twilight_Princess.html
3180,Horseback_Archery_Range.html,is,Location,from,The_Legend_of_Zelda__Ocarina_of_Time.html
3181,Horsehead.html,is,Boss,of,Parapa_Palace.html
3182,Horsehead.html,is,Boss,in,Zelda_II__The_Adventure_of_Link.html
3183,Horseshoe_Grass.html,are,Object,in,The_Legend_of_Zelda__Twilight_Princess.html
3184,Horwell.html,is,Character,from,The_Legend_of_Zelda__Skyward_Sword.html
3185,Horwell.html,is,Character,in,The_Legend_of_Zelda__Skyward_Sword.html
3186,Horwell_Bridge.html,is,Location,in,The_Legend_of_Zelda__Breath_of_the_Wild.html
3187,Hoskit's_Girlfriend.html,is,Character,from,The_Legend_of_Zelda__The_Wind_Waker.html
3188,Hoskit.html,is,Character,from,The_Legend_of_Zelda__The_Wind_Waker.html
3189,Hoskit.html,is,Character,in,The_Legend_of_Zelda__The_Wind_Waker.html
3190,Hot-Footed_Frog.html,are,Item,from,The_Legend_of_Zelda__Breath_of_the_Wild.html
3191,Hot_Buttered_Apple.html,is,Item,from,The_Legend_of_Zelda__Breath_of_the_Wild.html
3192,Hot_Head.html,is,Boss,of,Turtle_Rock_(Link%27s_Awakening).html
3193,Hot_Head.html,is,Boss,of,Turtle_Rock_(Link%27s_Awakening).html
3194,Hot_Rodder_Goron.html,is,Character,from,The_Legend_of_Zelda__Ocarina_of_Time.html
3195,Hot_Spring.html,are,Location,in,The_Legend_of_Zelda_series.html
3196,Hot_Spring.html,are,Location,in,The_Legend_of_Zelda_(Series).html
3197,Hot_Spring_Water.html,is,Item,in,The_Legend_of_Zelda_series.html
3198,Hot_Spring_Water.html,is,Item,in,The_Legend_of_Zelda_(Series).html
3199,Hot_Springwater.html,is,Item,in,The_Legend_of_Zelda_(Series).html
3200,Hotel_Oasis.html,is,Location,in,The_Legend_of_Zelda__Breath_of_the_Wild.html
3201,Hourglass.html,are,Object,in,The_Legend_of_Zelda__Tri_Force_Heroes.html
3202,House_By_The_Bay.html,is,Location,from,The_Legend_of_Zelda__Link%27s_Awakening.html
3203,House_of_Books.html,is,Location,from,The_Legend_of_Zelda__A_Link_to_the_Past.html
3204,House_of_Gales.html,is,Dungeon,from,The_Legend_of_Zelda__A_Link_Between_Worlds.html
3205,House_of_Gales.html,is,Dungeon,in,The_Legend_of_Zelda__A_Link_Between_Worlds.html
3206,House_of_Skulltula.html,is,Location,from,The_Legend_of_Zelda__Ocarina_of_Time.html
3207,House_of_Skulltula.html,is,Location,in,The_Legend_of_Zelda__Ocarina_of_Time.html
3208,Housekeeper.html,is,Character,from,The_Legend_of_Zelda__A_Link_Between_Worlds.html
3209,Hover_Boots.html,are,Item,from,The_Legend_of_Zelda__Ocarina_of_Time.html
3210,Hover_Boots.html,are,Item,in,The_Legend_of_Zelda_(Series).html
3211,Hover_Boots_I.html,are,Object,in,Hyrule_Warriors_Legends.html
3212,Hover_Boots_II.html,are,Object,in,Hyrule_Warriors_Legends.html
3213,Hover_Boots_III.html,are,Object,in,Hyrule_Warriors_Legends.html
3214,Hoz.html,is,Character,from,The_Legend_of_Zelda__Breath_of_the_Wild.html
3215,Hoz.html,is,Character,in,The_Legend_of_Zelda__Breath_of_the_Wild.html
3216,Hrok.html,are,Enemy,from,The_Legend_of_Zelda__Skyward_Sword.html
3217,Hrok.html,are,Enemy,in,The_Legend_of_Zelda__Skyward_Sword.html
3218,Huck.html,is,Character,from,The_Legend_of_Zelda__Breath_of_the_Wild.html
3219,Hudson.html,is,Character,from,The_Legend_of_Zelda__Breath_of_the_Wild.html
3220,Hudson.html,is,Character,in,The_Legend_of_Zelda__Breath_of_the_Wild.html
3221,Hue.html,are,Enemy,in,The_Legend_of_Zelda_series.html
3222,Hull.html,are,Object,in,The_Legend_of_Zelda__Phantom_Hourglass.html
3223,Human_Doll.html,is,Item,from,Freshly-Picked_Tingle%27s_Rosy_Rupeeland.html
3224,Hungry_Girl.html,is,Character,in,Zelda__The_Wand_of_Gamelon.html
3225,Hungry_Goriya.html,is,Character,from,The_Legend_of_Zelda.html
3226,Hungry_Goron.html,is,Character,from,The_Legend_of_Zelda__Majora%27s_Mask.html
3227,Hunnie.html,is,Character,from,The_Legend_of_Zelda__Breath_of_the_Wild.html
3228,Hunt_for_the_Giant_Horse.html,is,Quest,in,The_Legend_of_Zelda__Breath_of_the_Wild.html
3229,Hunter's_Shield.html,is,Item,in,The_Legend_of_Zelda__Breath_of_the_Wild.html
3230,Hurdy-Gurdy_Man.html,is,Character,from,The_Legend_of_Zelda__The_Minish_Cap.html
3231,Hurdy-Gurdy_Man.html,is,Character,in,The_Legend_of_Zelda__The_Minish_Cap.html
3232,Hydro-Spinner.html,is,Item,in,The_Legend_of_Zelda__Twilight_Princess.html
3233,Hydromelon.html,are,Item,from,The_Legend_of_Zelda__Breath_of_the_Wild.html
3234,Hylia's_Realm.html,is,Location,in,The_Legend_of_Zelda__Skyward_Sword.html
3235,Hylia_Island.html,is,Location,from,The_Legend_of_Zelda__Breath_of_the_Wild.html
3236,Hylia_River.html,is,Location,in,The_Legend_of_Zelda__Breath_of_the_Wild.html
3237,Hylia_River.html,is,Location,in,Breath_of_the_Wild.html
3238,Hylian_Crossbows.html,is,Item,in,The_Legend_of_Zelda_(Series).html
3239,Hylian_Homeowner.html,is,Quest,in,The_Legend_of_Zelda__Breath_of_the_Wild.html
3240,Hylian_Homeowner.html,is,Quest,in,The_Legend_of_Zelda__Breath_of_the_Wild.html
3241,Hylian_Hood.html,is,Item,from,The_Legend_of_Zelda__Breath_of_the_Wild.html
3242,Hylian_Hood.html,is,Item,in,The_Legend_of_Zelda__Breath_of_the_Wild.html
3243,Hylian_Kite.html,is,Item,in,Mario_Kart_8.html
3244,Hylian_Rice.html,is,Item,from,The_Legend_of_Zelda__Breath_of_the_Wild.html
3245,Hylian_Shield.html,is,Shield,in,The_Legend_of_Zelda_series.html
3246,Hylian_Shield.html,is,Shield,in,The_Legend_of_Zelda_(Series).html
3247,Hylian_Shield.html,was,Shield,in,The_Legend_of_Zelda_(Series).html
3248,Hylian_Shroom.html,are,Item,from,The_Legend_of_Zelda__Breath_of_the_Wild.html
3249,Hylian_Shroom.html,are,Item,in,The_Legend_of_Zelda__Breath_of_the_Wild.html
3250,Hylian_Trousers.html,are,Item,from,The_Legend_of_Zelda__Breath_of_the_Wild.html
3251,Hylian_Trousers.html,are,Item,in,The_Legend_of_Zelda__Breath_of_the_Wild.html
3252,Hylian_Tunic.html,is,Item,from,The_Legend_of_Zelda__Breath_of_the_Wild.html
3253,Hylian_Tunic.html,is,Item,in,The_Legend_of_Zelda__Breath_of_the_Wild.html
3254,Hyoi_Pear.html,is,Item,in,The_Legend_of_Zelda__The_Wind_Waker.html
3255,Hyper_Slingshot.html,is,Item,in,The_Legend_of_Zelda_(Series).html
3256,Hyron.html,is,Location,by,The_Legend_of_Zelda_comics.html
3257,Hyrule_Castle.html,is,Location,in,The_Legend_of_Zelda_series.html
3258,Hyrule_Castle.html,is,Location,in,The_Legend_of_Zelda__A_Link_to_the_Past.html
3259,Hyrule_Castle_(Breath_of_the_Wild).html,is,Dungeon,in,The_Legend_of_Zelda__Breath_of_the_Wild.html
3260,Hyrule_Castle_(Breath_of_the_Wild).html,is,Dungeon,of,The_Legend_of_Zelda__Breath_of_the_Wild.html
3261,Hyrule_Castle_(Four_Swords_Adventures).html,is,Stage,in,Whereabouts_of_the_Wind.html
3262,Hyrule_Castle_(Twilight_Princess).html,is,Dungeon,in,The_Legend_of_Zelda__Twilight_Princess.html
3263,Hyrule_Castle_Garden.html,is,Location,in,The_Legend_of_Zelda_series.html
3264,Hyrule_Castle_Graveyard.html,is,Location,in,The_Legend_of_Zelda__Twilight_Princess.html
3265,Hyrule_Castle_Lockup.html,is,Dungeon,in,The_Legend_of_Zelda__Breath_of_the_Wild.html
3266,Hyrule_Castle_Moat.html,is,Location,from,The_Legend_of_Zelda__Breath_of_the_Wild.html
3267,Hyrule_Castle_Sewers.html,is,Location,in,The_Legend_of_Zelda__Twilight_Princess.html
3268,Hyrule_Castle_Tower.html,is,Dungeon,in,The_Legend_of_Zelda__A_Link_to_the_Past.html
3269,Hyrule_Castle_Tower.html,is,Location,within,The_Legend_of_Zelda_(Series).html
3270,Hyrule_Castle_Tower.html,is,Location,within,The_Legend_of_Zelda_(Series).html
3271,Hyrule_Castle_Town_(Twilight_Princess).html,is,Location,in,The_Legend_of_Zelda__Twilight_Princess.html
3272,Hyrule_Castle_Town_Ruins.html,are,Location,from,The_Legend_of_Zelda__Breath_of_the_Wild.html
3273,Hyrule_Castle_Town_Shooting_Gallery.html,is,Location,from,The_Legend_of_Zelda__Ocarina_of_Time.html
3274,Hyrule_Castle_Underground.html,is,Location,from,The_Legend_of_Zelda__Breath_of_the_Wild.html
3275,Hyrule_Castle_Underground.html,is,Dungeon,of,The_Legend_of_Zelda__Breath_of_the_Wild.html
3276,Hyrule_Castle_West.html,is,Location,from,The_Legend_of_Zelda__Breath_of_the_Wild.html
3277,Hyrule_Cathedral.html,is,Location,from,The_Legend_of_Zelda__Breath_of_the_Wild.html
3278,Hyrule_Compendium.html,is,Item,from,The_Legend_of_Zelda__Breath_of_the_Wild.html
3279,Hyrule_Field.html,is,Location,in,The_Legend_of_Zelda_series.html
3280,Hyrule_Field_(Hyrule_Warriors).html,is,Stage,in,Hyrule_Warriors.html
3281,Hyrule_Forest_Park.html,is,Location,in,The_Legend_of_Zelda__Breath_of_the_Wild.html
3282,Hyrule_Garrison_Ruins.html,are,Location,from,The_Legend_of_Zelda__Breath_of_the_Wild.html
3283,Hyrule_Guard.html,are,Enemy,in,The_Legend_of_Zelda_series.html
3284,Hyrule_Herb.html,are,Item,from,The_Legend_of_Zelda__Breath_of_the_Wild.html
3285,Hyrule_Herb.html,are,Item,in,The_Legend_of_Zelda__Breath_of_the_Wild.html
3286,Hyrule_Kingdom.html,is,Location,in,The_Legend_of_Zelda__Breath_of_the_Wild.html
3287,Hyrule_Post_Ruins.html,are,Location,in,The_Legend_of_Zelda__Breath_of_the_Wild.html
3288,Hyrule_Ridge.html,is,Location,from,The_Legend_of_Zelda__Breath_of_the_Wild.html
3289,Hyrule_Town.html,is,Location,from,The_Legend_of_Zelda__The_Minish_Cap.html
3290,Hyrule_Town_Sewers.html,is,Location,from,The_Legend_of_Zelda__The_Minish_Cap.html
3291,Hyrule_Town_Shop.html,is,Shop,from,The_Legend_of_Zelda_series.html
3292,Hyrule_Town_Shop.html,is,Location,in,The_Legend_of_Zelda__The_Minish_Cap.html
3293,Hyrule__Temple.html,is,Stage,in,Super_Smash_Bros-2.html
3294,Hyrulean_Forces.html,are,Group,in,Hyrule_Warriors.html
3295,Hyrulean_Soldier.html,are,Group,in,The_Legend_of_Zelda__Four_Swords_Adventures.html
3296,Hyrulean_Soldiers.html,are,Group,in,The_Legend_of_Zelda__Four_Swords_Adventures.html
3297,Hytopia_Castle.html,is,Location,in,The_Legend_of_Zelda__Tri_Force_Heroes.html
3298,Hyu.html,are,Enemy,in,The_Legend_of_Zelda_(Series).html
3299,Ibara_Butte.html,is,Location,in,The_Legend_of_Zelda__Breath_of_the_Wild.html
3300,Ice-Breath_Lizalfos.html,are,Enemy,from,The_Legend_of_Zelda__Breath_of_the_Wild.html
3301,Ice-Breath_Lizalfos.html,are,Enemy,in,The_Legend_of_Zelda__Breath_of_the_Wild.html
3302,Ice_Arrow.html,is,Item,in,The_Legend_of_Zelda_(Series).html
3303,Ice_Block.html,are,Object,in,The_Legend_of_Zelda_series.html
3304,Ice_Bubble.html,are,Enemy,in,The_Legend_of_Zelda_(Series).html
3305,Ice_ChuChu.html,are,Enemy,from,The_Legend_of_Zelda__Spirit_Tracks.html
3306,Ice_ChuChu.html,are,Enemy,in,The_Legend_of_Zelda_(Series).html
3307,Ice_Chuchu-2.html,are,Enemy,in,The_Legend_of_Zelda_(Series).html
3308,Ice_Keese.html,are,Enemy,in,The_Legend_of_Zelda_series.html
3309,Ice_Keese.html,are,Enemy,in,The_Legend_of_Zelda_(Series).html
3310,Ice_Keese_Wing.html,are,Item,from,The_Legend_of_Zelda__Breath_of_the_Wild.html
3311,Ice_Keese_Wing.html,are,Item,in,The_Legend_of_Zelda__Breath_of_the_Wild.html
3312,Ice_Lake.html,is,Location,from,Lake_Hylia.html#The_Legend_of_Zelda:_A_Link_to_the_Past
3313,Ice_Lizalfos.html,are,Enemy,in,The_Legend_of_Zelda__Breath_of_the_Wild.html
3314,Ice_Palace.html,is,Dungeon,in,Dark_World_(A_Link_to_the_Past).html
3315,Ice_Palace.html,is,Dungeon,in,The_Legend_of_Zelda__A_Link_to_the_Past.html
3316,Ice_Ring_Isle.html,is,Location,from,The_Legend_of_Zelda__The_Wind_Waker.html
3317,Ice_Rod.html,is,Item,from,The_Legend_of_Zelda_series.html
3318,Ice_Rod.html,is,Weapon,in,The_Legend_of_Zelda_(Series).html
3319,Ice_Ruins.html,is,Dungeon,from,The_Legend_of_Zelda__A_Link_Between_Worlds.html
3320,Ice_Ruins.html,is,Dungeon,in,Turtle_Rock_(A_Link_to_the_Past).html
3321,Ice_Wizzrobe.html,are,Enemy,in,The_Legend_of_Zelda__Breath_of_the_Wild.html
3322,Ice_Wizzrobe.html,are,Enemy,in,The_Legend_of_Zelda_(Series).html
3323,Icefall_Foothills.html,are,Location,in,The_Legend_of_Zelda__Breath_of_the_Wild.html
3324,Icerobe.html,are,Enemy,in,The_Legend_of_Zelda_(Series).html
3325,Ichiro.html,is,Character,from,The_Legend_of_Zelda__Ocarina_of_Time.html
3326,Icy_Big_Poe.html,are,Enemy,in,Hyrule_Warriors.html
3327,Icy_Gourmet_Meat.html,is,Item,from,The_Legend_of_Zelda__Breath_of_the_Wild.html
3328,Icy_Hearty_Blueshell_Snail.html,is,Item,from,The_Legend_of_Zelda__Breath_of_the_Wild.html
3329,Icy_Lizalfos_Tail.html,are,Item,from,The_Legend_of_Zelda__Breath_of_the_Wild.html
3330,Icy_Meat.html,is,Item,from,The_Legend_of_Zelda__Breath_of_the_Wild.html
3331,Icy_Plain.html,is,Location,from,Freshly-Picked_Tingle%27s_Rosy_Rupeeland.html
3332,Icy_Prime_Meat.html,is,Item,from,The_Legend_of_Zelda__Breath_of_the_Wild.html
3333,Igneo_Pebblit.html,are,Enemy,from,The_Legend_of_Zelda__Breath_of_the_Wild.html
3334,Igneo_Talus.html,are,Boss,in,The_Legend_of_Zelda__Breath_of_the_Wild.html
3335,Igneo_Talus_Titan.html,is,Boss,in,The_Legend_of_Zelda__Breath_of_the_Wild.html
3336,Igneous_Hammer.html,is,Item,in,The_Legend_of_Zelda_(Series).html
3337,Ikana.html,is,Location,from,The_Legend_of_Zelda__Majora%27s_Mask.html
3338,Ikana_Canyon.html,is,Location,from,The_Legend_of_Zelda__Majora%27s_Mask.html
3339,Ikana_Castle.html,is,Dungeon,from,The_Legend_of_Zelda__Majora%27s_Mask.html
3340,Ikana_Castle_Front_Gate.html,is,Location,from,The_Legend_of_Zelda__Majora%27s_Mask.html
3341,Ikana_Graveyard.html,is,Location,from,The_Legend_of_Zelda__Majora%27s_Mask.html
3342,Ikana_Graveyard.html,is,Location,in,The_Legend_of_Zelda__Majora%27s_Mask.html
3343,Ikana_River.html,is,Location,in,The_Legend_of_Zelda__Majora%27s_Mask.html
3344,Ilari.html,is,Character,from,The_Legend_of_Zelda__The_Wind_Waker.html
3345,Ilari.html,is,Character,in,The_Legend_of_Zelda__The_Wind_Waker.html
3346,Ilia's_Charm.html,is,Item,in,The_Legend_of_Zelda__Twilight_Princess.html
3347,Ilia.html,is,Character,in,The_Legend_of_Zelda__Twilight_Princess.html
3348,Illumeni_Plateau.html,is,Location,from,The_Legend_of_Zelda__Breath_of_the_Wild.html
3349,Illusion.html,are,Object,in,The_Legend_of_Zelda_series.html
3350,Illusionary_Room.html,is,Location,from,The_Legend_of_Zelda__The_Wind_Waker.html
3351,Illustration.html,are,Object,in,Hyrule_Warriors_Legends.html
3352,Illustration_Piece.html,are,Object,in,Hyrule_Warriors_Legends.html
3353,Imp_Poe.html,are,Enemy,in,The_Legend_of_Zelda_(Series).html
3354,Impa's_House.html,is,Location,in,The_Legend_of_Zelda__Ocarina_of_Time.html
3355,Impa.html,is,Character,in,The_Legend_of_Zelda.html
3356,Impaz.html,is,Character,in,The_Legend_of_Zelda__Twilight_Princess.html
3357,Imprisoned.html,is,Boss,in,The_Legend_of_Zelda__Skyward_Sword.html
3358,Imprisoned_Forces.html,are,Group,in,Hyrule_Warriors.html
3359,Imprisoned_Monkey.html,is,Character,from,The_Legend_of_Zelda__Majora%27s_Mask.html
3360,Infiltration_of_Hyrule_Castle.html,is,Stage,of,The_Legend_of_Zelda__Four_Swords_Adventures.html
3361,Infiltration_of_Hyrule_Castle.html,is,Stage,of,Near_the_Fields.html
3362,Inflamed_Deity's_Mask.html,are,Item,in,The_Legend_of_Zelda_(Series).html
3363,Inga.html,is,Character,in,The_Legend_of_Zelda__Oracle_of_Seasons.html
3364,Ingo.html,is,Character,in,The_Legend_of_Zelda_series.html
3365,Ingo.html,is,Character,in,The_Legend_of_Zelda_(Series).html
3366,Inn_(Breath_of_the_Wild).html,is,Location,from,The_Legend_of_Zelda__Breath_of_the_Wild.html
3367,Inner_Palace_Garden.html,is,Location,from,The_Legend_of_Zelda__Majora%27s_Mask.html
3368,Inner_Palace_Garden.html,is,Location,in,The_Legend_of_Zelda__Majora%27s_Mask.html
3369,Innkeeper.html,is,Character,in,The_Legend_of_Zelda__A_Link_to_the_Past.html
3370,Inogo_Bridge.html,is,Location,from,The_Legend_of_Zelda__Breath_of_the_Wild.html
3371,Insect_Cavern.html,is,Dungeon,in,Freshly-Picked_Tingle%27s_Rosy_Rupeeland.html
3372,Insect_Cavern.html,is,Dungeon,in,Freshly-Picked_Tingle%27s_Rosy_Rupeeland.html
3373,Insect_Wheel.html,are,Object,in,The_Legend_of_Zelda__Phantom_Hourglass.html
3374,Inside_Ganon's_Castle.html,is,Dungeon,of,The_Legend_of_Zelda__Ocarina_of_Time.html
3375,Inside_Ganon's_Castle.html,is,Dungeon,in,The_Legend_of_Zelda__Ocarina_of_Time.html
3376,Inside_Hyrule_Castle.html,is,Dungeon,in,The_Legend_of_Zelda__A_Link_Between_Worlds.html
3377,Inside_Hyrule_Castle.html,is,Dungeon,in,Master_Sword.html#A_Link_Between_Worlds
3378,Inside_Jabu-Jabu's_Belly.html,is,Dungeon,in,The_Legend_of_Zelda__Ocarina_of_Time.html
3379,Inside_Jabu-Jabu's_Belly.html,is,Dungeon,in,The_Legend_of_Zelda__Ocarina_of_Time.html
3380,Inside_Jabu_Jabu's_Belly.html,is,Dungeon,in,The_Legend_of_Zelda__Ocarina_of_Time.html
3381,Inside_the_Deku_Tree.html,is,Dungeon,in,The_Legend_of_Zelda.html
3382,Inside_the_Deku_Tree.html,is,Dungeon,of,Gohma.html#Ocarina_of_Time
3383,Instruments_of_the_Sirens.html,are,Item,from,The_Legend_of_Zelda__Link%27s_Awakening.html
3384,Into_the_Vortex.html,is,Quest,in,The_Legend_of_Zelda__Breath_of_the_Wild.html
3385,Inverted_Song_of_Time.html,is,Song,from,The_Legend_of_Zelda__Majora%27s_Mask.html
3386,Inverted_Song_of_Time.html,is,Song,in,The_Legend_of_Zelda_(Series).html
3387,Invoice.html,is,Item,in,The_Legend_of_Zelda__Twilight_Princess.html
3388,Iona.html,is,Character,in,Tingle.html
3389,Irch.html,is,Character,from,The_Legend_of_Zelda__The_Wind_Waker.html
3390,Irch.html,is,Character,in,The_Legend_of_Zelda__The_Wind_Waker.html
3391,Irch_Plain.html,is,Location,from,The_Legend_of_Zelda__Breath_of_the_Wild.html
3392,Irene.html,is,Character,from,The_Legend_of_Zelda__A_Link_Between_Worlds.html
3393,Iris.html,is,Character,from,The_Legend_of_Zelda__Four_Swords_Adventures.html
3394,Iron_Anchor.html,are,Object,in,The_Legend_of_Zelda__Phantom_Hourglass.html
3395,Iron_Boots.html,are,Item,in,The_Legend_of_Zelda_series.html
3396,Iron_Boots.html,are,Item,in,The_Legend_of_Zelda_(Series).html
3397,Iron_Bow.html,is,Item,from,The_Legend_of_Zelda__Skyward_Sword.html
3398,Iron_Bow.html,is,Item,throughout,The_Legend_of_Zelda__The_Wind_Waker.html
3399,Iron_Bow.html,is,Item,throughout,The_Legend_of_Zelda__The_Wind_Waker.html
3400,Iron_Hull.html,are,Object,in,The_Legend_of_Zelda__Phantom_Hourglass.html
3401,Iron_Mask.html,are,Enemy,in,The_Legend_of_Zelda_(Series).html
3402,Iron_Salesman.html,is,Character,from,The_Legend_of_Zelda__Spirit_Tracks.html
3403,Iron_Shield.html,is,Item,in,The_Legend_of_Zelda_series.html
3404,Iron_Ship.html,are,Object,in,The_Legend_of_Zelda__Phantom_Hourglass.html
3405,Iron_Sledgehammer.html,is,Item,in,The_Legend_of_Zelda__Breath_of_the_Wild.html
3406,Ironshell_Crab.html,are,Item,from,The_Legend_of_Zelda__Breath_of_the_Wild.html
3407,Ironshroom.html,are,Item,from,The_Legend_of_Zelda__Breath_of_the_Wild.html
3408,Isha.html,is,Character,from,The_Legend_of_Zelda__Breath_of_the_Wild.html
3409,Isha.html,is,Character,in,The_Legend_of_Zelda__Breath_of_the_Wild.html
3410,Ishto_Soh.html,is,Character,from,The_Legend_of_Zelda__Breath_of_the_Wild.html
3411,Ishto_Soh_Shrine.html,is,Shrine,from,The_Legend_of_Zelda__Breath_of_the_Wild.html
3412,Ishto_Soh_Shrine.html,is,Shrine,in,The_Legend_of_Zelda__Breath_of_the_Wild.html
3413,Island_Chart.html,is,Item,in,The_Legend_of_Zelda_(Series).html
3414,Island_Chief.html,is,Character,from,The_Legend_of_Zelda__Phantom_Hourglass.html
3415,Island_Chief.html,is,Character,in,The_Legend_of_Zelda__Phantom_Hourglass.html
3416,Island_Lobster_Shirt.html,is,Item,from,The_Legend_of_Zelda__The_Wind_Waker.html
3417,Island_Lobster_Shirt.html,is,Item,in,The_Legend_of_Zelda__The_Wind_Waker.html
3418,Island_Maze_Palace.html,is,Dungeon,in,Link.html
3419,Island_Outfit.html,is,Item,in,The_Legend_of_Zelda__The_Wind_Waker.html
3420,Island_Palace.html,is,Dungeon,in,Zelda_II__The_Adventure_of_Link.html
3421,Isle_of_Songs.html,is,Location,from,The_Legend_of_Zelda__Skyward_Sword.html
3422,Isle_of_Songs.html,is,Location,from,Goddess_Sword.html
3423,Isle_of_the_Goddess.html,is,Location,from,Princess_Zelda.html
3424,Islet_of_Steel.html,is,Location,from,The_Legend_of_Zelda__The_Wind_Waker.html
3425,Item_Check.html,is,Shop,from,The_Legend_of_Zelda__Skyward_Sword.html
3426,Item_Seller.html,is,Character,in,Thieves%27_Town_(A_Link_Between_Worlds).html
3427,Item_Seller_(Lorule).html,is,Character,in,The_Legend_of_Zelda__A_Link_Between_Worlds.html
3428,Item_Shop.html,is,Shop,from,The_Legend_of_Zelda__A_Link_Between_Worlds.html
3429,Ivan.html,is,Character,from,The_Legend_of_Zelda__The_Wind_Waker.html
3430,Ivee's_Diary.html,is,Item,from,The_Legend_of_Zelda__Breath_of_the_Wild.html
3431,Ivee.html,is,Character,from,The_Legend_of_Zelda__Breath_of_the_Wild.html
3432,Ivena.html,is,Character,in,The_Legend_of_Zelda__Breath_of_the_Wild.html
3433,Iza's_Rapid_Ride.html,is,Location,in,The_Legend_of_Zelda_(Series).html
3434,Iza.html,is,Character,in,The_Legend_of_Zelda__Twilight_Princess.html
3435,Izra.html,is,Character,from,The_Legend_of_Zelda__Breath_of_the_Wild.html
3436,Ja'Abu_Ridge.html,is,Location,in,The_Legend_of_Zelda__Breath_of_the_Wild.html
3437,Ja_Baij.html,is,Character,from,The_Legend_of_Zelda__Breath_of_the_Wild.html
3438,Ja_Baij_Shrine.html,is,Shrine,from,The_Legend_of_Zelda__Breath_of_the_Wild.html
3439,Jabber_Nut.html,is,Item,from,The_Legend_of_Zelda__The_Minish_Cap.html
3440,Jabber_Nut.html,is,Item,in,The_Legend_of_Zelda__The_Minish_Cap.html
3441,Jabu-Jabu's_Belly.html,is,Dungeon,in,The_Legend_of_Zelda__Oracle_of_Ages.html
3442,Jabu-Jabu.html,is,Character,in,The_Legend_of_Zelda_series.html
3443,Jabun.html,is,Character,from,The_Legend_of_Zelda__The_Wind_Waker.html
3444,Jack_of_Hearts.html,is,Item,from,The_Legend_of_Zelda__Tri_Force_Heroes.html
3445,Jackaroo.html,are,Enemy,in,Zelda%27s_Adventure.html
3446,Jacob.html,is,Character,in,The_Legend_of_Zelda__Oracle_of_Ages_(Himekawa).html
3447,Jaggle.html,is,Character,in,The_Legend_of_Zelda__Twilight_Princess.html
3448,Jago.html,is,Character,from,The_Legend_of_Zelda__Four_Swords_(manga).html
3449,Jakamar.html,is,Character,from,The_Legend_of_Zelda__Skyward_Sword.html
3450,Jakamar.html,is,Character,in,The_Legend_of_Zelda__Skyward_Sword.html
3451,Jalhalla_(Four_Swords_Adventures).html,is,Boss,from,The_Legend_of_Zelda__Four_Swords_Adventures.html
3452,Jalhalla_(The_Wind_Waker).html,is,Boss,of,Earth_Temple_(The_Wind_Waker).html
3453,Jan.html,is,Character,from,The_Legend_of_Zelda__The_Wind_Waker.html
3454,Jana.html,is,Character,from,The_Legend_of_Zelda__Breath_of_the_Wild.html
3455,Jana.html,is,Character,in,The_Legend_of_Zelda__Breath_of_the_Wild.html
3456,Japas.html,is,Character,from,The_Legend_of_Zelda.html
3457,Japas.html,is,Character,in,The_Legend_of_Zelda__Majora%27s_Mask.html
3458,Jar.html,are,Object,in,The_Legend_of_Zelda_(Series).html
3459,Jasmine.html,is,Character,from,The_Legend_of_Zelda__The_Minish_Cap.html
3460,Jeddo_Bridge.html,is,Location,from,The_Legend_of_Zelda__Breath_of_the_Wild.html
3461,Jee_Noh.html,is,Character,from,The_Legend_of_Zelda__Breath_of_the_Wild.html
3462,Jee_Noh_Shrine.html,is,Shrine,from,The_Legend_of_Zelda__Breath_of_the_Wild.html
3463,Jelly_Blob.html,are,Item,from,The_Legend_of_Zelda__Skyward_Sword.html
3464,Jelly_Blob.html,are,Item,in,The_Legend_of_Zelda_(Series).html
3465,Jellyf.html,is,Character,from,The_Legend_of_Zelda__Skyward_Sword.html
3466,Jellyf.html,is,Character,in,The_Legend_of_Zelda__Skyward_Sword.html
3467,Jengo.html,is,Character,from,The_Legend_of_Zelda__Breath_of_the_Wild.html
3468,Jengo.html,is,Character,in,The_Legend_of_Zelda__Breath_of_the_Wild.html
3469,Jermafenser.html,is,Boss,of,Midoro_Palace.html
3470,Jerrin.html,is,Character,from,The_Legend_of_Zelda__Breath_of_the_Wild.html
3471,Jewel.html,are,Item,in,The_Legend_of_Zelda__Oracle_of_Seasons.html
3472,Jeweled_Sand_Wand.html,is,Item,from,The_Legend_of_Zelda__A_Link_Between_Worlds.html
3473,Jeweled_Sand_Wand.html,is,Item,in,The_Legend_of_Zelda_(Series).html
3474,Jeweler.html,is,Character,from,Missy_(Freshly-Picked_Tingle%27s_Rosy_Rupeeland).html
3475,Jewels.html,are,Item,in,The_Legend_of_Zelda__Oracle_of_Seasons.html
3476,Jia_Highlands.html,are,Location,from,The_Legend_of_Zelda__Breath_of_the_Wild.html
3477,Jiahto.html,is,Character,from,The_Legend_of_Zelda__Breath_of_the_Wild.html
3478,Jim_(Majora's_Mask).html,is,Character,from,The_Legend_of_Zelda__Majora%27s_Mask.html
3479,Jim_(The_Minish_Cap).html,is,Character,from,The_Legend_of_Zelda__The_Minish_Cap.html
3480,Jin.html,is,Character,from,The_Legend_of_Zelda__The_Wind_Waker.html
3481,Jini.html,is,Character,from,The_Legend_of_Zelda__Breath_of_the_Wild.html
3482,Jiro.html,is,Character,from,The_Legend_of_Zelda__Ocarina_of_Time.html
3483,Jitan_Sa'mi.html,is,Character,from,The_Legend_of_Zelda__Breath_of_the_Wild.html
3484,Jitan_Sa'mi_Shrine.html,is,Shrine,from,The_Legend_of_Zelda__Breath_of_the_Wild.html
3485,Jo.html,is,Character,in,The_Legend_of_Zelda__Ocarina_of_Time.html
3486,Joanna.html,are,Character,in,The_Legend_of_Zelda__The_Wind_Waker.html
3487,Joanna_and_Potova.html,are,Character,in,The_Legend_of_Zelda__The_Wind_Waker.html
3488,Joanne.html,is,Character,from,The_Legend_of_Zelda__Phantom_Hourglass.html
3489,Joanne.html,is,Character,in,The_Legend_of_Zelda__Phantom_Hourglass.html
3490,Joel.html,is,Character,in,The_Legend_of_Zelda_series.html
3491,Joel.html,is,Character,in,The_Legend_of_Zelda_(Series).html
3492,Joel_(The_Minish_Cap).html,is,Character,in,The_Legend_of_Zelda_(Series).html
3493,Joelle.html,is,Character,in,The_Legend_of_Zelda__Ocarina_of_Time.html
3494,Joelle_Poe.html,is,Character,in,The_Legend_of_Zelda__Ocarina_of_Time.html
3495,Jogo.html,is,Character,in,The_Legend_of_Zelda__Breath_of_the_Wild.html
3496,Jolene's_Letter.html,is,Item,in,The_Legend_of_Zelda__Phantom_Hourglass.html
3497,Jolene.html,is,Character,from,The_Legend_of_Zelda__Phantom_Hourglass.html
3498,Jolene.html,is,Character,in,The_Legend_of_Zelda__Phantom_Hourglass.html
3499,Joloo_Nah_Shrine.html,is,Shrine,from,The_Legend_of_Zelda__Breath_of_the_Wild.html
3500,Jora.html,is,Character,from,The_Legend_of_Zelda__Breath_of_the_Wild.html
3501,Jora.html,is,Character,in,The_Legend_of_Zelda__Breath_of_the_Wild.html
3502,Jotari.html,is,Character,from,The_Legend_of_Zelda__The_Minish_Cap.html
3503,Jotari.html,is,Character,in,The_Legend_of_Zelda__The_Minish_Cap.html
3504,Journal_of_Various_Worries.html,is,Item,from,The_Legend_of_Zelda__Breath_of_the_Wild.html
3505,Journalist.html,is,Character,from,Freshly-Picked_Tingle%27s_Rosy_Rupeeland.html
3506,Journalist.html,is,Character,in,Items_in_Freshly-Picked_Tingle%27s_Rosy_Rupeeland.html#Sweet_Juice
3507,Joute.html,is,Character,in,The_Legend_of_Zelda__Breath_of_the_Wild.html
3508,Jovani's_House.html,is,Location,in,The_Legend_of_Zelda__Twilight_Princess.html
3509,Jovani.html,is,Character,in,The_Legend_of_Zelda__Twilight_Princess.html
3510,Joy_Pendant.html,are,Item,from,The_Legend_of_Zelda__The_Wind_Waker.html
3511,Joy_Pendant.html,are,Item,in,The_Legend_of_Zelda__The_Wind_Waker.html
3512,Joynas.html,is,Character,from,The_Legend_of_Zelda__Spirit_Tracks.html
3513,Joyous_Volunteer_Association.html,is,Group,from,The_Legend_of_Zelda__The_Wind_Waker.html
3514,Joyous_Volunteer_Association.html,is,Group,in,The_Legend_of_Zelda__The_Wind_Waker.html
3515,Juannelle.html,is,Character,in,The_Legend_of_Zelda__Breath_of_the_Wild.html
3516,Judge.html,is,Character,from,Foreman_(Freshly-Picked_Tingle%27s_Rosy_Rupeeland).html
3517,Jukebox.html,are,Object,in,The_Legend_of_Zelda__Ocarina_of_Time.html
3518,Jules.html,is,Character,from,The_Legend_of_Zelda__Breath_of_the_Wild.html
3519,Jules.html,is,Character,in,The_Legend_of_Zelda__Breath_of_the_Wild.html
3520,Julietta.html,is,Character,from,The_Legend_of_Zelda__The_Minish_Cap.html
3521,Jun-Roberto.html,is,Character,from,The_Legend_of_Zelda__The_Wind_Waker.html
3522,June.html,is,Character,from,The_Legend_of_Zelda__The_Minish_Cap.html
3523,Juney.html,is,Character,in,The_Legend_of_Zelda__Breath_of_the_Wild.html
3524,Junglo.html,is,Character,from,Freshly-Picked_Tingle%27s_Rosy_Rupeeland.html
3525,Junglo.html,is,Character,in,Freshly-Picked_Tingle%27s_Rosy_Rupeeland.html
3526,Ka'o_Makagh.html,is,Character,from,The_Legend_of_Zelda__Breath_of_the_Wild.html
3527,Ka'o_Makagh_Shrine.html,is,Shrine,from,The_Legend_of_Zelda__Breath_of_the_Wild.html
3528,Kaam_Ya'tak.html,is,Character,from,The_Legend_of_Zelda__Breath_of_the_Wild.html
3529,Kaam_Ya'tak_Shrine.html,is,Shrine,from,The_Legend_of_Zelda__Breath_of_the_Wild.html
3530,Kabetta.html,is,Character,from,The_Legend_of_Zelda__Breath_of_the_Wild.html
3531,Kabetta.html,is,Character,in,The_Legend_of_Zelda__Breath_of_the_Wild.html
3532,Kachoo.html,is,Character,from,The_Legend_of_Zelda__Breath_of_the_Wild.html
3533,Kachoo.html,is,Character,in,The_Legend_of_Zelda__Breath_of_the_Wild.html
3534,Kaepora_Gaebora.html,is,Character,in,The_Legend_of_Zelda_series.html
3535,Kaepora_Pass.html,is,Location,in,The_Legend_of_Zelda__Breath_of_the_Wild.html
3536,Kafei's_Diary.html,is,Object,in,The_Legend_of_Zelda__Majora%27s_Mask.html
3537,Kafei's_Mask.html,is,Item,in,The_Legend_of_Zelda__Majora%27s_Mask.html
3538,Kafei's_Pendant.html,is,Item,in,The_Legend_of_Zelda__Majora%27s_Mask.html
3539,Kafei.html,is,Character,from,The_Legend_of_Zelda__Majora%27s_Mask.html
3540,Kafei.html,is,Character,in,The_Legend_of_Zelda__Majora%27s_Mask.html
3541,Kagoron.html,is,Character,from,The_Legend_of_Zelda__Spirit_Tracks.html
3542,Kah_Mael.html,is,Character,from,The_Legend_of_Zelda__Breath_of_the_Wild.html
3543,Kah_Mael_Shrine.html,is,Shrine,from,The_Legend_of_Zelda__Breath_of_the_Wild.html
3544,Kah_Okeo.html,is,Character,from,The_Legend_of_Zelda__Breath_of_the_Wild.html
3545,Kah_Okeo_Shrine.html,is,Shrine,from,The_Legend_of_Zelda__Breath_of_the_Wild.html
3546,Kah_Yah.html,is,Character,from,The_Legend_of_Zelda__Breath_of_the_Wild.html
3547,Kah_Yah_Shrine.html,is,Shrine,from,The_Legend_of_Zelda__Breath_of_the_Wild.html
3548,Kaifa.html,is,Character,in,The_Legend_of_Zelda__Breath_of_the_Wild.html
3549,Kairo.html,is,Character,from,The_Legend_of_Zelda__Breath_of_the_Wild.html
3550,Kairo.html,is,Character,in,The_Legend_of_Zelda__Breath_of_the_Wild.html
3551,Kakariko's_Inn.html,is,Location,from,The_Legend_of_Zelda__A_Link_to_the_Past.html
3552,Kakariko_Bridge.html,is,Location,from,The_Legend_of_Zelda__Breath_of_the_Wild.html
3553,Kakariko_Bridge.html,is,Location,in,The_Legend_of_Zelda__Breath_of_the_Wild.html
3554,Kakariko_Gorge.html,is,Location,in,The_Legend_of_Zelda__Twilight_Princess.html
3555,Kakariko_Graveyard.html,is,Location,in,The_Legend_of_Zelda_series.html
3556,Kakariko_Graveyard.html,is,Location,in,The_Legend_of_Zelda_(Series).html
3557,Kakariko_Item_Seller.html,is,Character,in,Thieves%27_Town_(A_Link_Between_Worlds).html
3558,Kakariko_Town.html,is,Location,in,The_Legend_of_Zelda_(Series).html
3559,Kakariko_Village.html,is,Location,in,The_Legend_of_Zelda_series.html
3560,Kakariko_Village.html,is,Location,in,The_Legend_of_Zelda_(Series).html
3561,Kakariko_Village_(Four_Swords_Adventures).html,is,Stage,in,The_Legend_of_Zelda__Four_Swords_Adventures.html
3562,Kakariko_Village_Graveyard.html,is,Location,in,The_Legend_of_Zelda_(Series).html
3563,Kakariko_Village_Shooting_Gallery.html,is,Location,from,The_Legend_of_Zelda__Ocarina_of_Time.html
3564,Kakariko_Village_Shop.html,is,Shop,in,The_Legend_of_Zelda__A_Link_to_the_Past.html
3565,Kakariko_Village_Theme.html,is,Location,in,The_Legend_of_Zelda_(Series).html
3566,Kakariko_Well.html,is,Dungeon,in,The_Legend_of_Zelda__Ocarina_of_Time.html
3567,Kakashi.html,is,Character,from,Color_Changing_Tingle%27s_Love_Balloon_Trip.html
3568,Kakashi.html,is,Character,in,Ripened_Tingle%27s_Balloon_Trip_of_Love.html
3569,Kalani.html,is,Character,in,The_Legend_of_Zelda__Breath_of_the_Wild.html
3570,Kalani.html,is,Character,in,The_Legend_of_Zelda__Breath_of_the_Wild.html
3571,Kaleidoscope.html,is,Item,in,The_Legend_of_Zelda__The_Wind_Waker.html
3572,Kalle_Demos.html,is,Boss,of,Forbidden_Woods.html
3573,Kam_Urog.html,is,Character,from,The_Legend_of_Zelda__Breath_of_the_Wild.html
3574,Kam_Urog_Shrine.html,is,Shrine,from,The_Legend_of_Zelda__Breath_of_the_Wild.html
3575,Kamah_Plateau.html,is,Location,from,The_Legend_of_Zelda__Breath_of_the_Wild.html
3576,Kamaro's_Mask.html,is,Item,in,The_Legend_of_Zelda__Majora%27s_Mask.html
3577,Kamaro.html,is,Character,from,The_Legend_of_Zelda__Majora%27s_Mask.html
3578,Kamaro.html,is,Character,in,The_Legend_of_Zelda__Majora%27s_Mask.html
3579,Kamia_Omuna.html,is,Character,from,The_Legend_of_Zelda__Breath_of_the_Wild.html
3580,Kamia_Omuna_Shrine.html,is,Shrine,from,The_Legend_of_Zelda__Breath_of_the_Wild.html
3581,Kamia_Omuna_Shrine.html,is,Shrine,in,The_Legend_of_Zelda__Breath_of_the_Wild.html
3582,Kamo.html,is,Character,from,The_Legend_of_Zelda__The_Wind_Waker.html
3583,Kamo.html,is,Character,in,The_Legend_of_Zelda__The_Wind_Waker.html
3584,Kamonano_Duck.html,are,Enemy,from,Freshly-Picked_Tingle%27s_Rosy_Rupeeland.html
3585,Kampo.html,is,Character,from,The_Legend_of_Zelda__Breath_of_the_Wild.html
3586,Kanalet_Castle.html,is,Location,from,The_Legend_of_Zelda__Link%27s_Awakening.html
3587,Kanalet_Castle.html,is,Dungeon,in,The_Legend_of_Zelda__Link%27s_Awakening.html
3588,Kanalet_Ridge.html,is,Location,in,The_Legend_of_Zelda__Breath_of_the_Wild.html
3589,Kane.html,is,Character,from,The_Legend_of_Zelda__The_Wind_Waker.html
3590,Kaneli.html,is,Character,from,The_Legend_of_Zelda__Breath_of_the_Wild.html
3591,Kaneli.html,is,Character,in,The_Legend_of_Zelda__Breath_of_the_Wild.html
3592,Kanny.html,is,Character,in,The_Legend_of_Zelda__Breath_of_the_Wild.html
3593,Kapson.html,is,Character,from,The_Legend_of_Zelda__Breath_of_the_Wild.html
3594,Kara_Kara_Bazaar.html,is,Location,from,The_Legend_of_Zelda__Breath_of_the_Wild.html
3595,Kara_Kara_Bazaar.html,is,Location,in,The_Legend_of_Zelda__Breath_of_the_Wild.html
3596,Karakoro.html,are,Enemy,from,The_Legend_of_Zelda_series_re-releases.html
3597,Karane.html,is,Character,from,The_Legend_of_Zelda__Skyward_Sword.html
3598,Karane.html,is,Character,in,The_Legend_of_Zelda__Skyward_Sword.html
3599,Kargaroc.html,are,Enemy,in,The_Legend_of_Zelda_series.html
3600,Kargaroc.html,are,Enemy,in,The_Legend_of_Zelda_(Series).html
3601,Kargarok.html,are,Enemy,in,The_Legend_of_Zelda_(Series).html
3602,Kargaroks.html,are,Enemy,in,The_Legend_of_Zelda_(Series).html
3603,Kargorok.html,are,Enemy,in,The_Legend_of_Zelda_(Series).html
3604,Karin.html,is,Character,from,The_Legend_of_Zelda__Breath_of_the_Wild.html
3605,Karsh.html,is,Character,from,The_Legend_of_Zelda__Breath_of_the_Wild.html
3606,Karson.html,is,Character,from,The_Legend_of_Zelda__Breath_of_the_Wild.html
3607,Karson.html,is,Character,in,The_Legend_of_Zelda__Breath_of_the_Wild.html
3608,Karuna.html,is,Character,from,The_Legend_of_Zelda__Link%27s_Awakening_(manga).html
3609,Karusa_Valley.html,is,Location,from,The_Legend_of_Zelda__Breath_of_the_Wild.html
3610,Karusa_Valley.html,is,Location,in,The_Legend_of_Zelda__Breath_of_the_Wild.html
3611,Kashiko.html,is,Character,from,The_Legend_of_Zelda__The_Wind_Waker.html
3612,Kass.html,is,Character,from,The_Legend_of_Zelda__Breath_of_the_Wild.html
3613,Kass.html,is,Character,in,The_Legend_of_Zelda__Breath_of_the_Wild.html
3614,Kasuto.html,is,Location,in,Zelda_II__The_Adventure_of_Link.html
3615,Katah_Chuki.html,is,Character,from,The_Legend_of_Zelda__Breath_of_the_Wild.html
3616,Katah_Chuki_Shrine.html,is,Shrine,from,The_Legend_of_Zelda__Breath_of_the_Wild.html
3617,Katosa_Aug.html,is,Character,from,The_Legend_of_Zelda__Breath_of_the_Wild.html
3618,Katosa_Aug_Shrine.html,is,Shrine,from,The_Legend_of_Zelda__Breath_of_the_Wild.html
3619,Katta.html,is,Character,in,The_Legend_of_Zelda__Breath_of_the_Wild.html
3620,Katta.html,is,Character,in,The_Legend_of_Zelda__Breath_of_the_Wild.html
3621,Kay_Noh.html,is,Character,from,The_Legend_of_Zelda__Breath_of_the_Wild.html
3622,Kay_Noh_Shrine.html,is,Shrine,from,The_Legend_of_Zelda__Breath_of_the_Wild.html
3623,Kay_Noh_Shrine.html,is,Shrine,in,The_Legend_of_Zelda__Breath_of_the_Wild.html
3624,Kaya_Wan.html,is,Character,from,The_Legend_of_Zelda__Breath_of_the_Wild.html
3625,Kaya_Wan_Shrine.html,is,Shrine,from,The_Legend_of_Zelda__Breath_of_the_Wild.html
3626,Kayden.html,is,Character,in,The_Legend_of_Zelda__Breath_of_the_Wild.html
3627,Kayo.html,is,Character,from,The_Legend_of_Zelda__Phantom_Hourglass.html
3628,Kayo.html,is,Character,in,The_Legend_of_Zelda__Phantom_Hourglass.html
3629,Kayra_Mah.html,is,Character,from,The_Legend_of_Zelda__Breath_of_the_Wild.html
3630,Kayra_Mah_Shrine.html,is,Shrine,from,The_Legend_of_Zelda__Breath_of_the_Wild.html
3631,Kaysa.html,is,Character,in,The_Legend_of_Zelda__Breath_of_the_Wild.html
3632,Kaysa.html,is,Character,in,The_Legend_of_Zelda__Breath_of_the_Wild.html
3633,Kazul.html,is,Character,from,The_Legend_of_Zelda__Breath_of_the_Wild.html
3634,Ke'nai_Shakah.html,is,Character,from,The_Legend_of_Zelda__Breath_of_the_Wild.html
3635,Ke'nai_Shakah_Shrine.html,is,Shrine,from,The_Legend_of_Zelda__Breath_of_the_Wild.html
3636,Keaton_Mask.html,is,Mask,in,The_Legend_of_Zelda_series.html
3637,Keaton_Mask.html,is,Mask,in,The_Legend_of_Zelda__Ocarina_of_Time.html
3638,Keaton_Mask_Soldier.html,is,Character,from,The_Legend_of_Zelda__Ocarina_of_Time.html
3639,Kee_Dafunia.html,is,Character,from,The_Legend_of_Zelda__Breath_of_the_Wild.html
3640,Kee_Dafunia_Shrine.html,is,Shrine,from,The_Legend_of_Zelda__Breath_of_the_Wild.html
3641,Keeha_Yoog.html,is,Character,from,The_Legend_of_Zelda__Breath_of_the_Wild.html
3642,Keeha_Yoog_Shrine.html,is,Shrine,from,The_Legend_of_Zelda__Breath_of_the_Wild.html
3643,Keelay_Plain.html,is,Location,in,The_Legend_of_Zelda__Breath_of_the_Wild.html
3644,Keeleon.html,are,Enemy,from,The_Legend_of_Zelda__A_Link_Between_Worlds.html
3645,Keeleon.html,are,Enemy,in,The_Legend_of_Zelda__A_Link_Between_Worlds.html
3646,Keeley.html,is,Character,from,The_Legend_of_Zelda__The_Minish_Cap.html
3647,Keese.html,are,Enemy,in,The_Legend_of_Zelda_series.html
3648,Keese.html,are,Enemy,in,The_Legend_of_Zelda_(Game).html
3649,Keese_Eyeball.html,are,Item,from,The_Legend_of_Zelda__Breath_of_the_Wild.html
3650,Keese_Eyeball.html,are,Item,in,The_Legend_of_Zelda__Breath_of_the_Wild.html
3651,Keese_Swarm.html,are,Enemy,in,The_Legend_of_Zelda__Four_Swords_Adventures.html
3652,Keese_Wing.html,are,Item,in,The_Legend_of_Zelda_series.html
3653,Keese_Wing.html,are,Item,in,The_Legend_of_Zelda_(Series).html
3654,Keet.html,is,Character,from,The_Legend_of_Zelda__Skyward_Sword.html
3655,Keet.html,is,Character,in,The_Legend_of_Zelda__Skyward_Sword.html
3656,Keeta.html,is,Character,from,The_Legend_of_Zelda__Majora%27s_Mask.html
3657,Keh_Namut.html,is,Character,from,The_Legend_of_Zelda__Breath_of_the_Wild.html
3658,Keh_Namut_Shrine.html,is,Shrine,from,The_Legend_of_Zelda__Breath_of_the_Wild.html
3659,Keive_Tala.html,is,Character,from,The_Legend_of_Zelda__Breath_of_the_Wild.html
3660,Keive_Tala_Shrine.html,is,Shrine,from,The_Legend_of_Zelda__Breath_of_the_Wild.html
3661,Kelpi.html,are,Boss,of,Zelda%27s_Adventure.html
3662,Kema_Kosassa.html,is,Character,from,The_Legend_of_Zelda__Breath_of_the_Wild.html
3663,Kema_Kosassa_Shrine.html,is,Shrine,from,The_Legend_of_Zelda__Breath_of_the_Wild.html
3664,Kema_Zoos.html,is,Character,from,The_Legend_of_Zelda__Breath_of_the_Wild.html
3665,Kema_Zoos_Shrine.html,is,Shrine,from,The_Legend_of_Zelda__Breath_of_the_Wild.html
3666,Kenyo.html,is,Character,from,The_Legend_of_Zelda__Breath_of_the_Wild.html
3667,Keo_Ruug.html,is,Character,from,The_Legend_of_Zelda__Breath_of_the_Wild.html
3668,Keo_Ruug_Shrine.html,is,Shrine,from,The_Legend_of_Zelda__Breath_of_the_Wild.html
3669,Ketoh_Wawai.html,is,Character,from,The_Legend_of_Zelda__Breath_of_the_Wild.html
3670,Ketoh_Wawai_Shrine.html,is,Shrine,from,The_Legend_of_Zelda__Breath_of_the_Wild.html
3671,Key_Cavern.html,is,Dungeon,in,The_Legend_of_Zelda_series.html
3672,Key_Cavern.html,is,Dungeon,in,The_Legend_of_Zelda__Link%27s_Awakening.html
3673,Keya_Pond.html,is,Location,from,The_Legend_of_Zelda__Breath_of_the_Wild.html
3674,Keye.html,is,Character,from,The_Legend_of_Zelda__Breath_of_the_Wild.html
3675,Kheel.html,is,Character,in,The_Legend_of_Zelda__Breath_of_the_Wild.html
3676,Kheel.html,is,Character,in,The_Legend_of_Zelda__Breath_of_the_Wild.html
3677,Khini.html,is,Character,from,The_Legend_of_Zelda__Breath_of_the_Wild.html
3678,Kholdstare.html,is,Boss,of,Ice_Palace.html
3679,Kiah_Toza.html,is,Character,from,The_Legend_of_Zelda__Breath_of_the_Wild.html
3680,Kiana.html,is,Character,from,The_Legend_of_Zelda__Breath_of_the_Wild.html
3681,Kid_Toadstool.html,is,Item,from,Freshly-Picked_Tingle%27s_Rosy_Rupeeland.html
3682,Kidnapped_Child.html,is,Character,from,Zelda_II__The_Adventure_of_Link.html
3683,Kihiro_Moh.html,is,Character,from,The_Legend_of_Zelda__Breath_of_the_Wild.html
3684,Kihiro_Moh_Shrine.html,is,Shrine,from,The_Legend_of_Zelda__Breath_of_the_Wild.html
3685,Kihiro_Moh_Shrine.html,is,Shrine,in,The_Legend_of_Zelda__Breath_of_the_Wild.html
3686,Kiki.html,is,Character,in,The_Legend_of_Zelda_series.html
3687,Kiki.html,is,Character,in,The_Legend_of_Zelda__Link%27s_Awakening.html
3688,Kiki_the_Monkey.html,is,Character,in,The_Legend_of_Zelda__Link%27s_Awakening.html
3689,"Kili,_Hannah_and_Misha.html",are,Character,in,The_Legend_of_Zelda__Twilight_Princess.html
3690,Kili.html,are,Character,in,The_Legend_of_Zelda__Twilight_Princess.html
3691,Killer_Bees.html,is,Group,from,The_Legend_of_Zelda__The_Wind_Waker.html
3692,Kilton.html,is,Character,from,The_Legend_of_Zelda__Breath_of_the_Wild.html
3693,Kilton.html,is,Character,in,The_Legend_of_Zelda__Breath_of_the_Wild.html
3694,Kima.html,is,Character,in,The_Legend_of_Zelda__Breath_of_the_Wild.html
3695,Kima.html,is,Character,in,The_Legend_of_Zelda__Breath_of_the_Wild.html
3696,Kina.html,is,Character,from,The_Legend_of_Zelda__Skyward_Sword.html
3697,Kina.html,is,Character,in,The_Legend_of_Zelda__Skyward_Sword.html
3698,Kincean_Island.html,is,Location,in,The_Legend_of_Zelda__Breath_of_the_Wild.html
3699,King's_Study.html,is,Location,from,The_Legend_of_Zelda__Breath_of_the_Wild.html
3700,King's_Study.html,is,Dungeon,of,The_Legend_of_Zelda__Breath_of_the_Wild.html
3701,King_Bubble.html,are,Enemy,in,The_Legend_of_Zelda_(Series).html
3702,King_Bulblin.html,is,Boss,in,The_Legend_of_Zelda__Twilight_Princess.html
3703,King_Daltus.html,is,Character,from,The_Legend_of_Zelda__The_Minish_Cap.html
3704,King_Daltus.html,is,Character,in,The_Legend_of_Zelda__The_Minish_Cap.html
3705,King_Daphnes.html,is,Character,in,The_Legend_of_Zelda_(Series).html
3706,King_Daphnes_Nohansen_Hyrule.html,is,Character,in,The_Legend_of_Zelda_(Series).html
3707,King_Desma.html,is,Character,from,Freshly-Picked_Tingle%27s_Rosy_Rupeeland.html
3708,King_Dodongo.html,is,Boss,of,Dodongo.html
3709,King_Dodongo.html,is,Boss,in,The_Legend_of_Zelda__Ocarina_of_Time.html
3710,King_Dorephan.html,is,Character,from,The_Legend_of_Zelda__Breath_of_the_Wild.html
3711,King_Dorephan.html,is,Character,in,The_Legend_of_Zelda__Breath_of_the_Wild.html
3712,King_Gustaf.html,is,Character,from,The_Legend_of_Zelda__The_Minish_Cap.html
3713,King_Harkinian.html,is,Character,in,The_Legend_of_Zelda_series.html
3714,King_Harkinian.html,is,Character,in,The_Legend_of_Zelda_(Valiant_Comics).html
3715,King_Mutoh.html,is,Character,from,The_Legend_of_Zelda__Phantom_Hourglass.html
3716,King_Mutoh.html,is,Character,in,The_Legend_of_Zelda__Phantom_Hourglass.html
3717,King_Oberon.html,is,Character,from,The_Legend_of_Zelda_animated_series.html
3718,King_Rhoam's_Journal.html,is,Item,from,The_Legend_of_Zelda__Breath_of_the_Wild.html
3719,King_Rhoam.html,is,Character,from,The_Legend_of_Zelda__Breath_of_the_Wild.html
3720,King_Zora's_Chamber.html,is,Location,from,The_Legend_of_Zelda__Ocarina_of_Time.html
3721,King_Zora.html,is,Character,in,The_Legend_of_Zelda_(Series).html
3722,King_Zora_(A_Link_to_the_Past).html,is,Character,in,The_Legend_of_Zelda_(Series).html
3723,King_Zora_(Ocarina_of_Time).html,is,Character,in,The_Legend_of_Zelda_(Series).html
3724,King_Zora_XVI.html,is,Character,from,The_Legend_of_Zelda__Ocarina_of_Time.html
3725,King_of_Hyrule_(The_Adventure_of_Link).html,is,Character,from,Zelda_II__The_Adventure_of_Link/Prologue.html
3726,King_of_Red_Lions.html,is,Character,from,The_Legend_of_Zelda__The_Wind_Waker.html
3727,King_of_Red_Lions.html,is,Character,in,The_Legend_of_Zelda_(Game).html
3728,Kings_Tomb.html,is,Location,from,Zelda_II__The_Adventure_of_Link.html
3729,Kinov.html,is,Character,from,The_Legend_of_Zelda__Breath_of_the_Wild.html
3730,Kinstone.html,are,Item,from,The_Legend_of_Zelda__The_Minish_Cap.html
3731,Kinstone_Bag.html,is,Item,from,The_Legend_of_Zelda__The_Minish_Cap.html
3732,Kinstone_Fusion.html,are,Item,from,The_Legend_of_Zelda__The_Minish_Cap.html
3733,Kish.html,is,Character,in,The_Legend_of_Zelda__Breath_of_the_Wild.html
3734,Kish.html,is,Character,in,The_Legend_of_Zelda__Breath_of_the_Wild.html
3735,Kitano_Bay.html,is,Location,in,The_Legend_of_Zelda__Breath_of_the_Wild.html
3736,Kite_Shield.html,is,Item,from,The_Legend_of_Zelda__Breath_of_the_Wild.html
3737,Kite_Shield.html,is,Item,in,The_Legend_of_Zelda__Breath_of_the_Wild.html
3738,Klaus.html,is,Character,from,The_Legend_of_Zelda__The_Minish_Cap.html
3739,Klaus.html,is,Location,in,The_Legend_of_Zelda__The_Minish_Cap.html
3740,Knife_Chamber.html,is,Location,from,The_Legend_of_Zelda__Majora%27s_Mask.html
3741,Knife_Chamber.html,is,Location,in,East_Clock_Town.html
3742,Knight's_Bow.html,is,Item,from,The_Legend_of_Zelda__Breath_of_the_Wild.html
3743,Knight's_Bow.html,is,Item,throughout,The_Legend_of_Zelda__The_Wind_Waker.html
3744,Knight's_Bow.html,is,Item,throughout,The_Legend_of_Zelda__The_Wind_Waker.html
3745,Knight's_Bridle.html,is,Item,from,The_Legend_of_Zelda__Breath_of_the_Wild.html
3746,Knight's_Broadsword.html,is,Item,from,The_Legend_of_Zelda__Breath_of_the_Wild.html
3747,Knight's_Claymore.html,is,Item,from,The_Legend_of_Zelda__Breath_of_the_Wild.html
3748,Knight's_Halberd.html,is,Item,from,The_Legend_of_Zelda__Breath_of_the_Wild.html
3749,Knight's_Saddle.html,is,Item,from,The_Legend_of_Zelda__Breath_of_the_Wild.html
3750,Knight's_Shield.html,is,Item,from,The_Legend_of_Zelda__Breath_of_the_Wild.html
3751,Knight_Academy.html,is,Location,from,The_Legend_of_Zelda_25th_Anniversary.html
3752,Knight_Academy.html,is,Location,in,The_Legend_of_Zelda__Skyward_Sword.html
3753,Knight_Mark.html,are,Item,from,The_Legend_of_Zelda__Four_Swords_Adventures.html
3754,Knight_of_Hyrule.html,are,Group,in,The_Legend_of_Zelda_series.html
3755,Knights_of_Hyrule.html,are,Group,in,The_Legend_of_Zelda_series.html
3756,Knights_of_Skyloft.html,are,Group,from,The_Legend_of_Zelda__Skyward_Sword.html
3757,Know-It-All_Brothers.html,are,Character,in,The_Legend_of_Zelda__Ocarina_of_Time.html
3758,Knuckel_Island.html,is,Location,from,The_Legend_of_Zelda__Breath_of_the_Wild.html
3759,Knuckle.html,is,Character,in,The_Legend_of_Zelda_series.html
3760,Knuckle.html,are,Character,in,The_Legend_of_Zelda__Four_Swords_Adventures.html
3761,Knucklemaster.html,is,Boss,of,Skull_Woods_(A_Link_Between_Worlds).html
3762,Knucklemaster.html,is,Boss,of,Skull_Woods_(A_Link_Between_Worlds).html
3763,Kobitan.html,is,Location,in,Zelda__The_Wand_of_Gamelon.html
3764,Koboli.html,is,Character,from,The_Legend_of_Zelda_series.html
3765,Koboli.html,is,Character,in,The_Legend_of_Zelda__The_Wind_Waker.html
3766,Kochi_Dye_Shop.html,is,Location,from,The_Legend_of_Zelda__Breath_of_the_Wild.html
3767,Kochi_Dye_Shop.html,is,Shop,in,The_Legend_of_Zelda__Breath_of_the_Wild.html
3768,Kodah.html,is,Character,from,The_Legend_of_Zelda__Breath_of_the_Wild.html
3769,Kodah.html,is,Character,in,The_Legend_of_Zelda__Breath_of_the_Wild.html
3770,Kodondo.html,are,Enemy,in,The_Legend_of_Zelda_series.html
3771,Kodongo.html,are,Enemy,in,The_Legend_of_Zelda_(Series).html
3772,Kofu.html,is,Character,from,The_Legend_of_Zelda__Spirit_Tracks.html
3773,Kogoli.html,is,Character,from,The_Legend_of_Zelda__The_Wind_Waker.html
3774,Kogoli.html,is,Character,in,The_Legend_of_Zelda__The_Wind_Waker.html
3775,Kohga.html,is,Character,from,The_Legend_of_Zelda__Breath_of_the_Wild.html
3776,Kohm.html,is,Character,in,The_Legend_of_Zelda__Breath_of_the_Wild.html
3777,Kohm.html,is,Character,in,The_Legend_of_Zelda__Breath_of_the_Wild.html
3778,Koholint_Prairie.html,is,Location,from,The_Legend_of_Zelda__Link%27s_Awakening.html
3779,Koholit_Rock.html,is,Location,in,The_Legend_of_Zelda__Breath_of_the_Wild.html
3780,Kokiri's_Emerald.html,are,Item,from,The_Legend_of_Zelda__Ocarina_of_Time.html
3781,Kokiri_Boots.html,are,Item,from,The_Legend_of_Zelda__Ocarina_of_Time.html
3782,Kokiri_Boots.html,are,Item,in,The_Legend_of_Zelda__Ocarina_of_Time.html
3783,Kokiri_Clothes.html,are,Item,from,The_Legend_of_Zelda__Tri_Force_Heroes.html
3784,Kokiri_Emerald.html,are,Item,from,The_Legend_of_Zelda__Ocarina_of_Time.html
3785,Kokiri_Forest.html,is,Location,in,The_Legend_of_Zelda_series.html
3786,Kokiri_Shop.html,is,Shop,from,The_Legend_of_Zelda__Ocarina_of_Time.html
3787,Kokiri_Sword.html,is,Sword,in,The_Legend_of_Zelda_series.html
3788,Kokiri_Sword.html,is,Sword,in,The_Legend_of_Zelda__Ocarina_of_Time.html
3789,Kokiri_Sword_I.html,are,Object,in,Hyrule_Warriors_Legends.html
3790,Kokiri_Sword_II.html,are,Object,in,Hyrule_Warriors_Legends.html
3791,Kokiri_Sword_III.html,are,Object,in,Hyrule_Warriors_Legends.html
3792,Kokiri_Sword_IV.html,are,Object,in,Hyrule_Warriors_Legends.html
3793,Kokiri_Tunic.html,is,Item,from,The_Legend_of_Zelda__Ocarina_of_Time.html
3794,Koko's_Kitchen.html,is,Quest,in,The_Legend_of_Zelda__Breath_of_the_Wild.html
3795,Koko's_Specialty.html,is,Quest,in,The_Legend_of_Zelda__Breath_of_the_Wild.html
3796,Koko.html,is,Character,from,The_Legend_of_Zelda__Breath_of_the_Wild.html
3797,Koko_Cuisine.html,is,Quest,in,The_Legend_of_Zelda__Breath_of_the_Wild.html
3798,Kolami_Bridge.html,is,Location,from,The_Legend_of_Zelda__Breath_of_the_Wild.html
3799,Kolami_Bridge_South.html,is,Location,from,The_Legend_of_Zelda__Breath_of_the_Wild.html
3800,Koloktos.html,is,Boss,of,Ancient_Cistern.html
3801,Koloktos.html,is,Boss,in,The_Legend_of_Zelda__Skyward_Sword.html
3802,Kolomo_Garrison_Ruins.html,is,Location,from,The_Legend_of_Zelda__Breath_of_the_Wild.html
3803,Komali.html,is,Character,from,The_Legend_of_Zelda__The_Wind_Waker.html
3804,Komali.html,is,Character,in,The_Legend_of_Zelda__The_Wind_Waker.html
3805,Komo_Shoreline.html,is,Location,in,The_Legend_of_Zelda__Breath_of_the_Wild.html
3806,Konba.html,is,Character,in,The_Legend_of_Zelda__Breath_of_the_Wild.html
3807,Konora.html,is,Character,in,The_Legend_of_Zelda__Breath_of_the_Wild.html
3808,Konora.html,is,Character,in,The_Legend_of_Zelda__Breath_of_the_Wild.html
3809,Kooloo-Limpah.html,is,Character,in,The_Legend_of_Zelda_(Series).html
3810,Kopeeki_Drifts.html,are,Location,in,The_Legend_of_Zelda__Breath_of_the_Wild.html
3811,Korgu_Chideh.html,is,Character,from,The_Legend_of_Zelda__Breath_of_the_Wild.html
3812,Korgu_Chideh_Shrine.html,is,Shrine,from,The_Legend_of_Zelda__Breath_of_the_Wild.html
3813,Korne_Beach.html,is,Location,from,The_Legend_of_Zelda__Breath_of_the_Wild.html
3814,Korok_Forest.html,is,Location,in,The_Legend_of_Zelda__Breath_of_the_Wild.html
3815,Korok_Forest.html,is,Location,in,The_Legend_of_Zelda__Breath_of_the_Wild.html
3816,Korok_Leaf.html,is,Item,from,The_Legend_of_Zelda__Breath_of_the_Wild.html
3817,Korok_Mask.html,is,Item,in,The_Legend_of_Zelda__Breath_of_the_Wild.html
3818,Korok_Mask.html,is,Item,in,The_Legend_of_Zelda__Breath_of_the_Wild.html
3819,Korok_Seed.html,is,Item,from,Korok.html#The_Legend_of_Zelda:_Breath_of_the_Wild
3820,Korok_Seed.html,are,Item,in,The_Legend_of_Zelda__Breath_of_the_Wild.html
3821,Korokoro.html,are,Enemy,from,The_Legend_of_Zelda__Link%27s_Awakening.html
3822,Korsh_O'hu.html,is,Character,from,The_Legend_of_Zelda__Breath_of_the_Wild.html
3823,Korsh_O'hu_Shrine.html,is,Shrine,from,The_Legend_of_Zelda__Breath_of_the_Wild.html
3824,Kortz.html,is,Character,from,The_Legend_of_Zelda__Skyward_Sword.html
3825,Kortz.html,is,Character,in,The_Legend_of_Zelda__Skyward_Sword.html
3826,Kotake.html,are,Character,in,The_Legend_of_Zelda__Majora%27s_Mask.html
3827,Koto_Pond.html,is,Location,from,The_Legend_of_Zelda__Breath_of_the_Wild.html
3828,Kotta.html,is,Character,in,The_Legend_of_Zelda__Breath_of_the_Wild.html
3829,Kotta.html,is,Character,in,The_Legend_of_Zelda__Breath_of_the_Wild.html
3830,Kotts.html,is,Character,from,The_Legend_of_Zelda__Breath_of_the_Wild.html
3831,Koukot_Plateau.html,is,Location,from,The_Legend_of_Zelda__Breath_of_the_Wild.html
3832,Koukot_Plateau.html,is,Location,in,The_Legend_of_Zelda__Breath_of_the_Wild.html
3833,Koume.html,are,Character,in,The_Legend_of_Zelda__Majora%27s_Mask.html
3834,Koume_and_Kotake.html,are,Character,in,The_Legend_of_Zelda__Majora%27s_Mask.html
3835,Koyin.html,is,Character,from,The_Legend_of_Zelda__Breath_of_the_Wild.html
3836,Krane.html,is,Character,from,The_Legend_of_Zelda__Breath_of_the_Wild.html
3837,Krane.html,is,Character,in,The_Legend_of_Zelda__Breath_of_the_Wild.html
3838,Kreeb.html,is,Character,from,The_Legend_of_Zelda__The_Wind_Waker.html
3839,Kreeb.html,is,Character,in,The_Legend_of_Zelda__The_Wind_Waker.html
3840,Ku's_Domain.html,is,Location,in,The_Legend_of_Zelda__A_Link_Between_Worlds.html
3841,Ku.html,are,Enemy,from,The_Legend_of_Zelda__A_Link_Between_Worlds.html
3842,Kuh_Takkar.html,is,Character,from,The_Legend_of_Zelda__Breath_of_the_Wild.html
3843,Kuhn_Sidajj.html,is,Character,from,The_Legend_of_Zelda__Breath_of_the_Wild.html
3844,Kuhn_Sidajj_Shrine.html,is,Shrine,from,The_Legend_of_Zelda__Breath_of_the_Wild.html
3845,Kukiel.html,is,Character,from,The_Legend_of_Zelda__Skyward_Sword.html
3846,Kukiel.html,is,Character,in,The_Legend_of_Zelda__Skyward_Sword.html
3847,Kula.html,is,Character,from,The_Legend_of_Zelda__Breath_of_the_Wild.html
3848,Kumu.html,is,Character,from,The_Legend_of_Zelda__Phantom_Hourglass.html
3849,Kumu.html,is,Character,from,The_Legend_of_Zelda__Phantom_Hourglass.html
3850,Kyameron.html,are,Enemy,in,The_Legend_of_Zelda_series.html
3851,Kyameron.html,are,Enemy,in,The_Legend_of_Zelda_(Series).html
3852,Kyandokyan.html,is,Enemy,in,The_Legend_of_Zelda__Oracle_of_Ages.html
3853,Kyra.html,is,Character,in,The_Legend_of_Zelda__Breath_of_the_Wild.html
3854,Kyra.html,is,Character,in,The_Legend_of_Zelda__Breath_of_the_Wild.html
3855,Kyune.html,are,Enemy,in,The_Legend_of_Zelda_(Series).html
3856,LD-301N_Skipper.html,is,Character,from,The_Legend_of_Zelda__Skyward_Sword.html
3857,LD-301S_Scrapper.html,is,Character,from,The_Legend_of_Zelda__Skyward_Sword.html
3858,Ladder.html,is,Item,from,The_Legend_of_Zelda.html
3859,Ladder.html,is,Item,in,The_Legend_of_Zelda_(Game).html
3860,Lady_Alma.html,is,Character,in,Zelda__The_Wand_of_Gamelon.html
3861,Laflat.html,is,Character,from,The_Legend_of_Zelda__Breath_of_the_Wild.html
3862,Laine.html,is,Character,in,The_Legend_of_Zelda__Breath_of_the_Wild.html
3863,Laine.html,is,Character,in,The_Legend_of_Zelda__Breath_of_the_Wild.html
3864,Laissa.html,is,Character,in,The_Legend_of_Zelda__Breath_of_the_Wild.html
3865,Lake_Akkala.html,is,Location,in,The_Legend_of_Zelda__Breath_of_the_Wild.html
3866,Lake_Akkala.html,is,Location,in,The_Legend_of_Zelda__Breath_of_the_Wild.html
3867,Lake_Boruna.html,is,Location,in,Zelda%27s_Adventure.html
3868,Lake_Darman.html,is,Location,from,The_Legend_of_Zelda__Breath_of_the_Wild.html
3869,Lake_Darman.html,is,Location,in,The_Legend_of_Zelda__Breath_of_the_Wild.html
3870,Lake_Ferona.html,is,Location,from,The_Legend_of_Zelda__Breath_of_the_Wild.html
3871,Lake_Ferona.html,is,Location,in,The_Legend_of_Zelda__Breath_of_the_Wild.html
3872,Lake_Floria.html,is,Location,from,The_Legend_of_Zelda__Breath_of_the_Wild.html
3873,Lake_Floria.html,is,Location,in,The_Legend_of_Zelda_(Series).html
3874,Lake_Hylia.html,is,Location,in,The_Legend_of_Zelda_series.html
3875,Lake_Hylia_(Four_Swords_Adventures).html,is,Stage,in,Whereabouts_of_the_Wind.html
3876,Lake_Hylia_(Hyrule_Warriors).html,is,Stage,in,Hyrule_Warriors.html
3877,Lake_Hylia_(Stage).html,is,Stage,in,Hyrule_Warriors.html
3878,Lake_Hylia_North.html,is,Location,from,The_Legend_of_Zelda__Breath_of_the_Wild.html
3879,Lake_Hylia_Shop.html,is,Shop,in,The_Legend_of_Zelda__A_Link_to_the_Past.html
3880,Lake_Hylia_Shop_Cave.html,is,Shop,in,The_Legend_of_Zelda__A_Link_to_the_Past.html
3881,Lake_Illumeni.html,is,Location,from,The_Legend_of_Zelda__Breath_of_the_Wild.html
3882,Lake_Intenoch.html,is,Location,from,The_Legend_of_Zelda__Breath_of_the_Wild.html
3883,Lake_Intenoch.html,is,Location,in,The_Legend_of_Zelda__Breath_of_the_Wild.html
3884,Lake_Jarrah.html,is,Location,in,The_Legend_of_Zelda__Breath_of_the_Wild.html
3885,Lake_Jarrah.html,is,Location,in,The_Legend_of_Zelda__Breath_of_the_Wild.html
3886,Lake_Kilsie.html,is,Location,in,The_Legend_of_Zelda__Breath_of_the_Wild.html
3887,Lake_Kolomo.html,is,Location,in,The_Legend_of_Zelda__Breath_of_the_Wild.html
3888,Lake_Mekar.html,is,Location,in,The_Legend_of_Zelda__Breath_of_the_Wild.html
3889,Lake_Mekar.html,is,Location,in,The_Legend_of_Zelda__Breath_of_the_Wild.html
3890,Lake_Saria.html,is,Location,in,The_Legend_of_Zelda__Breath_of_the_Wild.html
3891,Lake_Saria.html,is,Location,in,The_Legend_of_Zelda__Breath_of_the_Wild.html
3892,Lake_Scientist.html,is,Character,from,The_Legend_of_Zelda__Ocarina_of_Time.html
3893,Lake_Scientist.html,is,Character,in,The_Legend_of_Zelda_(Series).html
3894,Lake_Siela.html,is,Location,in,The_Legend_of_Zelda__Breath_of_the_Wild.html
3895,Lake_Sumac.html,is,Location,in,The_Legend_of_Zelda__Breath_of_the_Wild.html
3896,Lake_Totori.html,is,Location,in,The_Legend_of_Zelda__Breath_of_the_Wild.html
3897,Lake_Totori_South.html,is,Location,from,The_Legend_of_Zelda__Breath_of_the_Wild.html
3898,Lake_Tower.html,is,Location,in,The_Legend_of_Zelda__Breath_of_the_Wild.html
3899,Lake_Tower.html,is,Location,in,The_Legend_of_Zelda__Breath_of_the_Wild.html
3900,Lake_of_Ill_Omen.html,is,Location,from,The_Legend_of_Zelda__A_Link_to_the_Past.html
3901,Lake_of_Ill_Omen.html,is,Location,in,The_Legend_of_Zelda__A_Link_to_the_Past.html
3902,Lake_of_the_Horse_God.html,is,Location,from,The_Legend_of_Zelda__Breath_of_the_Wild.html
3903,Lakebed_Temple.html,is,Dungeon,in,The_Legend_of_Zelda__Twilight_Princess.html
3904,Lakeside_Item_Seller.html,is,Character,in,The_Legend_of_Zelda__A_Link_Between_Worlds.html
3905,Lakeside_Item_Seller_(Hyrule).html,is,Character,in,The_Legend_of_Zelda__A_Link_Between_Worlds.html
3906,Lakeside_Item_Seller_(Lorule).html,is,Character,in,The_Legend_of_Zelda__A_Link_Between_Worlds.html
3907,Lakeside_Laboratory.html,is,Location,in,The_Legend_of_Zelda__Ocarina_of_Time.html
3908,Lakeside_Laboratory.html,is,Location,in,The_Legend_of_Zelda__Ocarina_of_Time.html
3909,Lakeside_Stable.html,is,Location,from,The_Legend_of_Zelda__Breath_of_the_Wild.html
3910,Lakitu.html,are,Enemy,from,The_Legend_of_Zelda__The_Minish_Cap.html
3911,Lakitu.html,are,Enemy,in,The_Legend_of_Zelda__The_Minish_Cap.html
3912,Lakna_Rokee.html,is,Character,from,The_Legend_of_Zelda__Breath_of_the_Wild.html
3913,Lakna_Rokee_Shrine.html,is,Shrine,from,The_Legend_of_Zelda__Breath_of_the_Wild.html
3914,Lamp.html,is,Item,in,The_Legend_of_Zelda_series.html
3915,Lamp.html,is,Item,in,The_Legend_of_Zelda_(Series).html
3916,Lanaryu_Tower.html,is,Location,in,The_Legend_of_Zelda__Breath_of_the_Wild.html
3917,Lanayru_(Breath_of_the_Wild).html,is,Location,from,The_Legend_of_Zelda__Breath_of_the_Wild.html
3918,Lanayru_(Skyward_Sword).html,is,Character,from,Hyrule.html#The_Legend_of_Zelda:_Skyward_Sword
3919,Lanayru_Bay.html,is,Location,in,The_Legend_of_Zelda__Breath_of_the_Wild.html
3920,Lanayru_Bluff.html,is,Location,in,The_Legend_of_Zelda__Breath_of_the_Wild.html
3921,Lanayru_Caves.html,is,Location,from,The_Legend_of_Zelda__Skyward_Sword.html
3922,Lanayru_Desert.html,is,Location,of,Lanayru_Mining_Facility.html
3923,Lanayru_Desert.html,is,Location,in,The_Legend_of_Zelda__Skyward_Sword.html
3924,Lanayru_Gorge.html,is,Location,from,The_Legend_of_Zelda__Skyward_Sword.html
3925,Lanayru_Great_Spring.html,is,Location,from,The_Legend_of_Zelda__Breath_of_the_Wild.html
3926,Lanayru_Heights.html,is,Location,in,The_Legend_of_Zelda__Breath_of_the_Wild.html
3927,Lanayru_Mining_Facility.html,is,Dungeon,in,The_Legend_of_Zelda__Skyward_Sword.html
3928,Lanayru_Promenade.html,is,Location,in,The_Legend_of_Zelda__Breath_of_the_Wild.html
3929,Lanayru_Range.html,is,Location,in,The_Legend_of_Zelda__Breath_of_the_Wild.html
3930,Lanayru_Road.html,is,Location,in,The_Legend_of_Zelda__Breath_of_the_Wild.html
3931,Lanayru_Road_-_East_Gate.html,is,Location,in,The_Legend_of_Zelda__Breath_of_the_Wild.html
3932,Lanayru_Road_-_West_Gate.html,is,Location,in,The_Legend_of_Zelda__Breath_of_the_Wild.html
3933,Lanayru_Sand_Sea.html,is,Location,from,The_Legend_of_Zelda__Skyward_Sword.html
3934,Lanayru_Sea.html,is,Location,in,The_Legend_of_Zelda__Breath_of_the_Wild.html
3935,Lanayru_Spring.html,is,Location,in,The_Legend_of_Zelda__Twilight_Princess.html
3936,Lanayru_Tourism.html,is,Group,in,The_Legend_of_Zelda__Twilight_Princess.html
3937,Lanayru_Tourist_Association.html,is,Group,in,The_Legend_of_Zelda__Twilight_Princess.html
3938,Lanayru_Tower.html,is,Location,in,The_Legend_of_Zelda__Breath_of_the_Wild.html
3939,Lanayru_Wetlands.html,is,Location,in,The_Legend_of_Zelda__Breath_of_the_Wild.html
3940,Landmark_Mockup.html,is,Location,from,The_Legend_of_Zelda__Breath_of_the_Wild.html
3941,Lanmola.html,are,Enemy,in,The_Legend_of_Zelda_series.html
3942,Lanmolas.html,are,Boss,of,Desert_Palace_(A_Link_to_the_Past).html
3943,Lanno_Kooh.html,is,Character,from,The_Legend_of_Zelda__Breath_of_the_Wild.html
3944,Lanno_Kooh_Shrine.html,is,Shrine,from,The_Legend_of_Zelda__Breath_of_the_Wild.html
3945,Lantern.html,is,Item,in,The_Legend_of_Zelda_series.html
3946,Lantern.html,is,Item,in,The_Legend_of_Zelda_(Series).html
3947,Lantern_Falls.html,are,Location,from,The_Legend_of_Zelda__Breath_of_the_Wild.html
3948,Lantern_Lake.html,is,Location,in,The_Legend_of_Zelda__Breath_of_the_Wild.html
3949,Lantern_Oil.html,is,Item,in,The_Legend_of_Zelda__Twilight_Princess.html
3950,Lantern_Poe.html,are,Enemy,in,The_Legend_of_Zelda_(Series).html
3951,Lantern_of_Vision.html,is,Item,in,The_Legend_of_Zelda_(Series).html
3952,Laparoh_Mesa.html,is,Location,in,The_Legend_of_Zelda__Breath_of_the_Wild.html
3953,Laparoh_Mesa.html,is,Location,in,The_Legend_of_Zelda__Breath_of_the_Wild.html
3954,Large_Quiver.html,is,Item,from,The_Legend_of_Zelda__Skyward_Sword.html
3955,Large_Quiver.html,are,Item,in,The_Legend_of_Zelda_(Series).html
3956,Large_Seed_Satchel.html,is,Item,from,The_Legend_of_Zelda__Skyward_Sword.html
3957,Large_Seed_Satchel.html,is,Item,in,The_Legend_of_Zelda_(Series).html
3958,Large_Shell.html,are,Item,from,Freshly-Picked_Tingle%27s_Rosy_Rupeeland.html
3959,Largest_Quiver.html,are,Item,in,The_Legend_of_Zelda_(Series).html
3960,Laroba.html,is,Character,from,The_Legend_of_Zelda__Breath_of_the_Wild.html
3961,Laroba.html,is,Character,in,The_Legend_of_Zelda__Breath_of_the_Wild.html
3962,Laruta.html,is,Character,from,The_Legend_of_Zelda__Breath_of_the_Wild.html
3963,Laruta.html,is,Character,in,The_Legend_of_Zelda__Breath_of_the_Wild.html
3964,Laruto.html,is,Character,from,The_Legend_of_Zelda__The_Wind_Waker.html
3965,Lashley.html,is,Character,in,The_Legend_of_Zelda__Breath_of_the_Wild.html
3966,Lashley.html,is,Character,in,The_Legend_of_Zelda__Breath_of_the_Wild.html
3967,Lasli.html,is,Character,from,The_Legend_of_Zelda__Breath_of_the_Wild.html
3968,Latte.html,is,Location,in,The_Legend_of_Zelda_(Series).html
3969,Laundry_Pool.html,is,Location,from,The_Legend_of_Zelda__Majora%27s_Mask.html
3970,Laverra_Beach.html,is,Location,in,The_Legend_of_Zelda__Breath_of_the_Wild.html
3971,Lawdon.html,is,Character,in,The_Legend_of_Zelda__Breath_of_the_Wild.html
3972,Leaf.html,is,Character,from,The_Legend_of_Zelda__Phantom_Hourglass.html
3973,Leaf.html,is,Character,in,The_Legend_of_Zelda__Phantom_Hourglass.html
3974,Ledd.html,is,Character,from,The_Legend_of_Zelda__Skyward_Sword.html
3975,Ledd.html,is,Character,in,The_Legend_of_Zelda__Skyward_Sword.html
3976,Ledo.html,is,Character,in,The_Legend_of_Zelda__Breath_of_the_Wild.html
3977,Leekah.html,is,Character,from,The_Legend_of_Zelda__Breath_of_the_Wild.html
3978,Leekah.html,is,Character,in,The_Legend_of_Zelda__Breath_of_the_Wild.html
3979,Leena.html,is,Character,in,The_Legend_of_Zelda__Breath_of_the_Wild.html
3980,Leena.html,is,Character,in,The_Legend_of_Zelda__Breath_of_the_Wild.html
3981,Leever.html,are,Enemy,in,The_Legend_of_Zelda_series.html
3982,Legend's_Crossbows.html,is,Item,in,The_Legend_of_Zelda_(Series).html
3983,Legend's_Crossbows_+.html,is,Item,in,The_Legend_of_Zelda_(Series).html
3984,Legendary_Dress.html,is,Item,from,The_Legend_of_Zelda__Tri_Force_Heroes.html
3985,Legendary_Dress.html,is,Item,in,The_Legend_of_Zelda__Tri_Force_Heroes.html
3986,Legendary_Rabbit_Trial.html,is,Quest,in,The_Legend_of_Zelda__Breath_of_the_Wild.html
3987,Leila.html,are,Character,in,The_Legend_of_Zelda__The_Wind_Waker.html
3988,Lens_of_Truth.html,is,Item,in,The_Legend_of_Zelda_series.html
3989,Lenzo.html,is,Character,from,The_Legend_of_Zelda__The_Wind_Waker.html
3990,Lenzo.html,is,Character,in,The_Legend_of_Zelda__The_Wind_Waker.html
3991,Leop.html,is,Character,from,The_Legend_of_Zelda__Breath_of_the_Wild.html
3992,Lester.html,is,Character,in,The_Legend_of_Zelda__Breath_of_the_Wild.html
3993,Letter.html,are,Item,in,The_Legend_of_Zelda_(Series).html
3994,Letter_(Four_Swords_Adventures).html,is,Item,from,The_Legend_of_Zelda__Four_Swords_Adventures.html
3995,Letter_(Link's_Awakening).html,is,Item,in,The_Legend_of_Zelda__Link%27s_Awakening.html
3996,Letter_(The_Legend_of_Zelda).html,is,Item,from,The_Legend_of_Zelda.html
3997,Letter_in_a_Bottle.html,is,Item,from,The_Legend_of_Zelda__Ocarina_of_Time.html
3998,Letter_in_a_Bottle.html,is,Item,in,The_Legend_of_Zelda_(Series).html
3999,Letter_of_Introduction.html,is,Item,in,The_Legend_of_Zelda__Oracle_of_Ages.html
4000,Letter_to_Kafei.html,is,Item,from,The_Legend_of_Zelda__Majora%27s_Mask.html
4001,Letters.html,are,Item,in,The_Legend_of_Zelda_(Series).html
4002,Letty.html,is,Character,from,The_Legend_of_Zelda__Breath_of_the_Wild.html
4003,Level-1_(BS_The_Legend_of_Zelda).html,is,Dungeon,in,BS_The_Legend_of_Zelda.html
4004,Level-2_(BS_The_Legend_of_Zelda).html,is,Dungeon,in,BS_The_Legend_of_Zelda.html
4005,Level-3_(BS_The_Legend_of_Zelda).html,is,Dungeon,in,BS_The_Legend_of_Zelda.html
4006,Level-4_(BS_The_Legend_of_Zelda).html,is,Dungeon,in,BS_The_Legend_of_Zelda.html
4007,Level-5_(BS_The_Legend_of_Zelda).html,is,Dungeon,in,BS_The_Legend_of_Zelda.html
4008,Level-6_(BS_The_Legend_of_Zelda).html,is,Dungeon,in,BS_The_Legend_of_Zelda.html
4009,Level-8_(BS_The_Legend_of_Zelda).html,is,Dungeon,in,BS_The_Legend_of_Zelda.html
4010,Level-9.html,is,Dungeon,in,The_Legend_of_Zelda_(Game).html
4011,Level_1_(Ancient_Stone_Tablets).html,is,Dungeon,in,BS_The_Legend_of_Zelda__Ancient_Stone_Tablets.html
4012,Level_1_(BS_The_Legend_of_Zelda).html,is,Dungeon,in,BS_The_Legend_of_Zelda.html
4013,Level_1_(First_Quest).html,is,Dungeon,in,The_Legend_of_Zelda.html
4014,Level_1_(Second_Quest).html,is,Dungeon,of,The_Legend_of_Zelda.html
4015,Level_2_(Ancient_Stone_Tablets).html,is,Dungeon,in,BS_The_Legend_of_Zelda__Ancient_Stone_Tablets.html
4016,Level_2_(BS_The_Legend_of_Zelda).html,is,Dungeon,in,BS_The_Legend_of_Zelda.html
4017,Level_2_(First_Quest).html,is,Dungeon,of,The_Legend_of_Zelda.html
4018,Level_2_(Second_Quest).html,is,Dungeon,in,The_Legend_of_Zelda.html
4019,Level_2_Bomb.html,are,Item,in,The_Legend_of_Zelda_(Series).html
4020,Level_3_(Ancient_Stone_Tablets).html,is,Dungeon,in,BS_The_Legend_of_Zelda__Ancient_Stone_Tablets.html
4021,Level_3_(BS_The_Legend_of_Zelda).html,is,Dungeon,in,BS_The_Legend_of_Zelda.html
4022,Level_3_(First_Quest).html,is,Dungeon,in,The_Legend_of_Zelda.html
4023,Level_3_(Second_Quest).html,is,Dungeon,of,The_Legend_of_Zelda.html
4024,Level_4_(Ancient_Stone_Tablets).html,is,Dungeon,in,BS_The_Legend_of_Zelda__Ancient_Stone_Tablets.html
4025,Level_4_(BS_The_Legend_of_Zelda).html,is,Dungeon,in,BS_The_Legend_of_Zelda.html
4026,Level_4_(First_Quest).html,is,Dungeon,of,The_Legend_of_Zelda.html
4027,Level_4_(Second_Quest).html,is,Dungeon,of,The_Legend_of_Zelda.html
4028,Level_5_(Ancient_Stone_Tablets).html,is,Dungeon,in,BS_The_Legend_of_Zelda__Ancient_Stone_Tablets.html
4029,Level_5_(BS_The_Legend_of_Zelda).html,is,Dungeon,in,BS_The_Legend_of_Zelda.html
4030,Level_5_(First_Quest).html,is,Dungeon,of,The_Legend_of_Zelda.html
4031,Level_5_(Second_Quest).html,is,Dungeon,of,Second_Quest.html
4032,Level_6_(Ancient_Stone_Tablets).html,is,Dungeon,in,BS_The_Legend_of_Zelda__Ancient_Stone_Tablets.html
4033,Level_6_(BS_The_Legend_of_Zelda).html,is,Dungeon,in,BS_The_Legend_of_Zelda.html
4034,Level_6_(First_Quest).html,is,Dungeon,in,Graveyard_(The_Legend_of_Zelda).html
4035,Level_6_(Second_Quest).html,is,Dungeon,of,Second_Quest.html
4036,Level_7_(Ancient_Stone_Tablets).html,is,Dungeon,in,BS_The_Legend_of_Zelda__Ancient_Stone_Tablets.html
4037,Level_7_(First_Quest).html,is,Dungeon,in,The_Legend_of_Zelda.html
4038,Level_7_(Second_Quest).html,is,Dungeon,of,Second_Quest.html
4039,Level_8_(Ancient_Stone_Tablets).html,is,Dungeon,in,BS_The_Legend_of_Zelda__Ancient_Stone_Tablets.html
4040,Level_8_(BS_The_Legend_of_Zelda).html,is,Dungeon,in,BS_The_Legend_of_Zelda.html
4041,Level_8_(First_Quest).html,is,Dungeon,in,The_Legend_of_Zelda.html
4042,Level_8_(Second_Quest).html,is,Dungeon,of,Level_7_(Second_Quest).html
4043,Level_9_(Second_Quest).html,is,Dungeon,of,Second_Quest.html
4044,Levias.html,is,Character,from,Hyrule.html#The_Legend_of_Zelda:_Skyward_Sword
4045,Levias.html,is,Character,in,The_Legend_of_Zelda__Skyward_Sword.html
4046,Leviathan_Bones.html,is,Quest,in,The_Legend_of_Zelda__Breath_of_the_Wild.html
4047,Leviathan_Bones.html,is,Quest,in,The_Legend_of_Zelda__Breath_of_the_Wild.html
4048,Liana.html,is,Character,from,The_Legend_of_Zelda__Breath_of_the_Wild.html
4049,Liana.html,is,Character,in,The_Legend_of_Zelda__Breath_of_the_Wild.html
4050,Liar.html,is,Character,in,Tingle.html
4051,Librari.html,is,Character,from,The_Legend_of_Zelda__The_Minish_Cap.html
4052,Librari.html,is,Character,in,The_Legend_of_Zelda__The_Minish_Cap.html
4053,Library_(Breath_of_the_Wild).html,is,Location,from,The_Legend_of_Zelda__Breath_of_the_Wild.html
4054,Library_Book.html,are,Item,from,Hyrule_Castle_Town.html#The_Minish_Cap
4055,Library_Books.html,are,Item,from,Hyrule_Castle_Town.html#The_Minish_Cap
4056,Life_Medal.html,are,Item,in,The_Legend_of_Zelda_(Series).html
4057,Life_Potion.html,is,Item,from,The_Legend_of_Zelda.html
4058,Life_Potion.html,is,Item,in,The_Legend_of_Zelda_(Series).html
4059,Life_Tree_Fruit.html,is,Item,from,The_Legend_of_Zelda__Skyward_Sword.html
4060,Life_Tree_Seedling.html,is,Item,from,Lanayru_(Skyward_Sword).html
4061,Light_Arrow.html,is,Item,in,The_Legend_of_Zelda_(Series).html
4062,Light_Arrows.html,is,Item,in,The_Legend_of_Zelda_(Series).html
4063,Light_Blue_Dye.html,are,Object,in,The_Legend_of_Zelda__Breath_of_the_Wild.html
4064,Light_Fruit.html,are,Item,from,The_Legend_of_Zelda__Skyward_Sword.html
4065,Light_Fruit.html,are,Object,in,The_Legend_of_Zelda__Skyward_Sword.html
4066,Light_Ring_L-1.html,are,Item,in,The_Legend_of_Zelda__Oracle_of_Ages.html
4067,Light_Ring_L-2.html,are,Item,in,The_Legend_of_Zelda__Oracle_of_Ages.html
4068,Light_Tower.html,is,Location,from,The_Legend_of_Zelda__Skyward_Sword.html
4069,Light_Tower.html,is,Location,in,The_Legend_of_Zelda__Skyward_Sword.html
4070,Light_World.html,is,Location,in,The_Legend_of_Zelda_(Series).html
4071,Light_Yellow_Dye.html,are,Object,in,The_Legend_of_Zelda__Breath_of_the_Wild.html
4072,Lighthouse_Cap.html,is,Item,from,Freshly-Picked_Tingle%27s_Rosy_Rupeeland.html
4073,Lightning_Rod.html,is,Item,from,The_Legend_of_Zelda__Breath_of_the_Wild.html
4074,Lightning_Rod.html,are,Weapon,in,The_Legend_of_Zelda__Breath_of_the_Wild.html
4075,Lightscale_Trident.html,is,Item,from,The_Legend_of_Zelda__Breath_of_the_Wild.html
4076,Lika.html,is,Character,in,Zelda__The_Wand_of_Gamelon.html
4077,Like_Like_Link.html,are,Item,in,The_Legend_of_Zelda__Oracle_of_Ages.html
4078,Like_Like_Ring.html,are,Item,in,The_Legend_of_Zelda__Oracle_of_Ages.html
4079,Lila.html,is,Character,from,The_Legend_of_Zelda__The_Minish_Cap.html
4080,Lily_Pad.html,are,Object,in,The_Legend_of_Zelda_series.html
4081,Linda.html,is,Character,from,The_Legend_of_Zelda__The_Wind_Waker.html
4082,Linda.html,is,Character,from,The_Legend_of_Zelda__The_Wind_Waker.html
4083,Linder.html,is,Character,from,The_Legend_of_Zelda__The_Wind_Waker.html
4084,Linder.html,is,Character,in,The_Legend_of_Zelda__The_Wind_Waker.html
4085,Lindor's_Brow.html,is,Location,from,The_Legend_of_Zelda__Breath_of_the_Wild.html
4086,Lineback.html,is,Character,in,The_Legend_of_Zelda_(Series).html
4087,Linebeck's_Letter.html,is,Item,in,The_Legend_of_Zelda_series.html
4088,Linebeck.html,is,Character,from,The_Legend_of_Zelda__Phantom_Hourglass.html
4089,Linebeck.html,is,Character,in,The_Legend_of_Zelda_(Series).html
4090,Linebeck_III.html,is,Character,from,The_Legend_of_Zelda__Phantom_Hourglass.html
4091,Linebeck_Island.html,is,Location,from,The_Legend_of_Zelda__Phantom_Hourglass.html
4092,Linebeck_Trading.html,is,Location,from,The_Legend_of_Zelda__Spirit_Tracks.html
4093,Link's_Awakening.html,is,Sequel,to,The_Legend_of_Zelda__A_Link_to_the_Past.html
4094,Link's_Butler.html,is,Character,from,The_Legend_of_Zelda__The_Wind_Waker.html
4095,Link's_Cabana.html,is,Location,from,The_Legend_of_Zelda__The_Wind_Waker.html
4096,Link's_Cow.html,is,Character,in,The_Legend_of_Zelda__Ocarina_of_Time.html
4097,Link's_Grandma.html,is,Character,from,The_Legend_of_Zelda__The_Wind_Waker.html
4098,Link's_Grandma.html,is,Character,in,The_Legend_of_Zelda__The_Wind_Waker.html
4099,Link's_Grandmother.html,is,Character,in,The_Legend_of_Zelda__The_Wind_Waker.html
4100,Link's_House.html,is,Location,from,The_Legend_of_Zelda_series.html
4101,Link's_House.html,is,Location,in,The_Legend_of_Zelda_(Series).html
4102,Link's_Mother.html,is,Character,in,The_Legend_of_Zelda_(Series).html
4103,Link's_Uncle.html,is,Character,from,The_Legend_of_Zelda_series.html
4104,Link_(Pig).html,is,Character,in,The_Legend_of_Zelda__The_Wind_Waker.html
4105,Link_Doll.html,are,Item,in,Zelda_II__The_Adventure_of_Link.html
4106,Link_of_the_Gorons.html,is,Character,from,The_Legend_of_Zelda__Ocarina_of_Time.html
4107,Link_the_Goron.html,is,Character,from,The_Legend_of_Zelda__Majora%27s_Mask.html
4108,Link_the_Goron.html,is,Character,from,The_Legend_of_Zelda__Majora%27s_Mask.html
4109,Link_the_Pig.html,is,Character,from,The_Legend_of_Zelda__The_Wind_Waker.html
4110,Linkle.html,is,Character,in,Hyrule_Warriors.html
4111,Lion.html,is,Character,from,Color_Changing_Tingle%27s_Love_Balloon_Trip.html
4112,Lion_(Tingle's_Balloon_Trip_of_Love).html,is,Character,in,Ripened_Tingle%27s_Balloon_Trip_of_Love.html
4113,Little_Sister's_Big_Request.html,is,Quest,in,The_Legend_of_Zelda__Breath_of_the_Wild.html
4114,Little_Twin_Bridge.html,is,Location,in,The_Legend_of_Zelda__Breath_of_the_Wild.html
4115,Little_Twin_Bridge.html,is,Location,in,The_Legend_of_Zelda__Breath_of_the_Wild.html
4116,Lizal_Boomerang.html,is,Item,in,The_Legend_of_Zelda__Breath_of_the_Wild.html
4117,Lizal_Bow.html,is,Item,in,The_Legend_of_Zelda__Breath_of_the_Wild.html
4118,Lizal_Bow.html,is,Item,throughout,The_Legend_of_Zelda__The_Wind_Waker.html
4119,Lizal_Bow.html,is,Item,throughout,The_Legend_of_Zelda__The_Wind_Waker.html
4120,Lizal_Forked_Boomerang.html,is,Item,in,The_Legend_of_Zelda__Breath_of_the_Wild.html
4121,Lizal_Forked_Boomerang.html,are,Weapon,in,The_Legend_of_Zelda__Breath_of_the_Wild.html
4122,Lizal_Shield.html,is,Item,in,The_Legend_of_Zelda__Breath_of_the_Wild.html
4123,Lizal_Spear.html,is,Item,from,The_Legend_of_Zelda__Breath_of_the_Wild.html
4124,Lizal_Spear.html,are,Weapon,in,The_Legend_of_Zelda__Breath_of_the_Wild.html
4125,Lizal_Tri-Boomerang.html,is,Item,in,The_Legend_of_Zelda__Breath_of_the_Wild.html
4126,Lizalfos.html,are,Enemy,in,The_Legend_of_Zelda_series.html
4127,Lizalfos_Arm.html,is,Item,in,The_Legend_of_Zelda__Breath_of_the_Wild.html
4128,Lizalfos_Horn.html,are,Item,from,The_Legend_of_Zelda__Breath_of_the_Wild.html
4129,Lizalfos_Horn.html,are,Item,in,The_Legend_of_Zelda__Breath_of_the_Wild.html
4130,Lizalfos_Mask.html,is,Item,from,The_Legend_of_Zelda__Breath_of_the_Wild.html
4131,Lizalfos_Mask.html,is,Item,in,The_Legend_of_Zelda__Breath_of_the_Wild.html
4132,Lizalfos_Tail.html,are,Item,from,The_Legend_of_Zelda__Breath_of_the_Wild.html
4133,Lizard_Tail.html,are,Item,in,The_Legend_of_Zelda_(Series).html
4134,Llort.html,is,Boss,in,Zelda%27s_Adventure.html
4135,Lobarrier.html,are,Enemy,from,The_Legend_of_Zelda__Spirit_Tracks.html
4136,Lobarrier.html,are,Enemy,in,The_Legend_of_Zelda__Spirit_Tracks.html
4137,Loccasin.html,are,Enemy,in,Zelda%27s_Adventure.html
4138,Locked_Mementos.html,is,Quest,from,The_Legend_of_Zelda__Breath_of_the_Wild.html
4139,Lockpicker.html,is,Character,from,The_Legend_of_Zelda__A_Link_to_the_Past.html
4140,Lockup.html,is,Location,from,The_Legend_of_Zelda__Breath_of_the_Wild.html
4141,Lockup.html,is,Dungeon,of,The_Legend_of_Zelda__Breath_of_the_Wild.html
4142,Lodrum_Headland.html,is,Location,from,The_Legend_of_Zelda__Breath_of_the_Wild.html
4143,Log_Prow.html,are,Object,in,The_Legend_of_Zelda__Phantom_Hourglass.html
4144,Lokomo_Sword.html,is,Sword,from,The_Legend_of_Zelda__Spirit_Tracks.html
4145,Lokomo_Sword.html,is,Weapon,in,The_Legend_of_Zelda__Spirit_Tracks.html
4146,Lolly.html,is,Character,from,The_Legend_of_Zelda__The_Minish_Cap.html
4147,Lomei_Labyrinth_Island.html,is,Location,in,The_Legend_of_Zelda__Breath_of_the_Wild.html
4148,Lomei_Labyrinth_Island.html,is,Location,in,The_Legend_of_Zelda__Breath_of_the_Wild.html
4149,Lon-Lon_Ranch.html,is,Location,in,The_Legend_of_Zelda_(Series).html
4150,Lon_Lon_Meadow.html,is,Location,from,Freshly-Picked_Tingle%27s_Rosy_Rupeeland.html
4151,Lon_Lon_Milk.html,is,Item,in,The_Legend_of_Zelda_series.html
4152,Lon_Lon_Milk.html,is,Item,in,The_Legend_of_Zelda__Twilight_Princess.html
4153,Lon_Lon_Ranch.html,is,Location,in,The_Legend_of_Zelda_series.html
4154,Lon_Lon_Ranch.html,is,Location,in,The_Legend_of_Zelda_(Series).html
4155,Lon_Lon_Ranch_Key.html,is,Item,from,The_Legend_of_Zelda__The_Minish_Cap.html
4156,Lone_Peak_Shrine.html,is,Location,from,The_Legend_of_Zelda__Majora%27s_Mask.html
4157,Long_Hook.html,is,Item,in,The_Legend_of_Zelda__Oracle_of_Ages.html
4158,Long_Spear.html,are,Item,from,The_Legend_of_Zelda__The_Wind_Waker.html
4159,Long_Switch.html,is,Item,in,The_Legend_of_Zelda__Oracle_of_Ages.html
4160,Longshot.html,is,Item,from,The_Legend_of_Zelda__Ocarina_of_Time.html
4161,Longshot.html,is,Item,in,The_Legend_of_Zelda__Ocarina_of_Time.html
4162,Lonni.html,is,Character,from,The_Legend_of_Zelda__Breath_of_the_Wild.html
4163,Look-What-I-Found_Kid.html,is,Character,in,Tingle.html
4164,Lookout_Post.html,is,Location,from,The_Legend_of_Zelda__Breath_of_the_Wild.html
4165,Lookout_Post.html,is,Location,in,The_Legend_of_Zelda__Breath_of_the_Wild.html
4166,Loone.html,is,Character,in,The_Legend_of_Zelda__Breath_of_the_Wild.html
4167,Loot.html,is,Character,from,The_Legend_of_Zelda__The_Wind_Waker.html
4168,Loot.html,is,Character,in,The_Legend_of_Zelda__The_Wind_Waker.html
4169,Lopsa.html,is,Character,from,The_Legend_of_Zelda__Skyward_Sword.html
4170,Lopsa.html,is,Character,in,The_Legend_of_Zelda__Skyward_Sword.html
4171,Lord_Bullbo.html,is,Boss,in,The_Legend_of_Zelda__Twilight_Princess.html
4172,Lord_Jabu-Jabu's_Belly.html,is,Dungeon,in,The_Legend_of_Zelda__Ocarina_of_Time.html
4173,Lord_Jabu-Jabu.html,is,Character,in,The_Legend_of_Zelda_series.html
4174,Lord_Kiro.html,is,Character,in,Zelda__The_Wand_of_Gamelon.html
4175,Lorn.html,is,Character,in,The_Legend_of_Zelda__Breath_of_the_Wild.html
4176,Lorn.html,is,Character,in,The_Legend_of_Zelda__Breath_of_the_Wild.html
4177,Lorule.html,is,Location,from,The_Legend_of_Zelda__A_Link_Between_Worlds.html
4178,Lorule_Castle.html,is,Location,in,The_Legend_of_Zelda__A_Link_Between_Worlds.html
4179,Lorule_Guard.html,are,Enemy,from,The_Legend_of_Zelda__A_Link_Between_Worlds.html
4180,Lorule_Lake.html,is,Location,in,The_Legend_of_Zelda__A_Link_Between_Worlds.html
4181,Loshlo_Harbor.html,is,Location,in,The_Legend_of_Zelda__Breath_of_the_Wild.html
4182,Lost_Hills.html,is,Location,from,Waterfall_(The_Legend_of_Zelda).html
4183,Lost_Hills.html,are,Location,in,The_Legend_of_Zelda_(Game).html
4184,Lost_Old_Man.html,is,Character,from,The_Legend_of_Zelda__A_Link_to_the_Past.html
4185,Lost_Old_Man.html,is,Character,in,Link.html
4186,Lost_Woods.html,is,Location,in,The_Legend_of_Zelda_series.html
4187,Lost_Woods_(Four_Swords_Adventures).html,is,Stage,in,The_Legend_of_Zelda__Four_Swords_Adventures.html
4188,Lottery_Shop.html,is,Location,from,The_Legend_of_Zelda__Majora%27s_Mask.html
4189,Lottery_Shop.html,is,Location,in,The_Legend_of_Zelda__Majora%27s_Mask.html
4190,Lottery_Shop_Attendant.html,is,Location,in,The_Legend_of_Zelda__Majora%27s_Mask.html
4191,Louise.html,is,Character,in,The_Legend_of_Zelda__Twilight_Princess.html
4192,Lover's_Pond.html,is,Location,in,The_Legend_of_Zelda__Breath_of_the_Wild.html
4193,Lovers_Pond.html,is,Location,of,Hyrule.html
4194,Loveya.html,is,Character,in,Tingle.html
4195,Lowder.html,are,Enemy,from,Zelda_II__The_Adventure_of_Link.html
4196,Lowder.html,are,Enemy,in,Zelda_II__The_Adventure_of_Link.html
4197,Loyal_Sage.html,is,Character,from,The_Legend_of_Zelda__A_Link_to_the_Past.html
4198,Lubonga.html,is,Character,in,Zelda__The_Wand_of_Gamelon.html
4199,Lucky_Lee.html,is,Character,from,The_Legend_of_Zelda__Phantom_Hourglass.html
4200,Lucky_Lobby_Ball.html,is,Object,in,The_Legend_of_Zelda__Tri_Force_Heroes.html
4201,Luda.html,is,Character,in,Sanctuary_(Twilight_Princess).html
4202,Ludfo's_Bog.html,is,Location,from,The_Legend_of_Zelda__Breath_of_the_Wild.html
4203,Lukan.html,is,Character,in,The_Legend_of_Zelda__Breath_of_the_Wild.html
4204,Lukan.html,is,Character,in,The_Legend_of_Zelda__Breath_of_the_Wild.html
4205,Lullaby_Intro.html,is,Song,in,The_Legend_of_Zelda__Majora%27s_Mask.html
4206,Lulu.html,is,Character,from,The_Legend_of_Zelda__Majora%27s_Mask.html
4207,Lulu.html,is,Character,in,The_Legend_of_Zelda__Majora%27s_Mask.html
4208,Lulu_Lake.html,is,Location,in,The_Legend_of_Zelda__Breath_of_the_Wild.html
4209,Lumber_Salesman.html,is,Character,from,The_Legend_of_Zelda__Spirit_Tracks.html
4210,Luminous_Crossbows.html,is,Item,in,The_Legend_of_Zelda_(Series).html
4211,Luminous_Stone_Gathering.html,is,Quest,in,The_Legend_of_Zelda__Breath_of_the_Wild.html
4212,Lumpy_Pumpkin.html,is,Location,from,The_Legend_of_Zelda__Skyward_Sword.html
4213,Lunar_Children.html,are,Character,from,The_Legend_of_Zelda__Majora%27s_Mask.html
4214,Lunar_Ocarina.html,are,Item,in,The_Legend_of_Zelda_(Series).html
4215,Lupay.html,is,Boss,from,Link__The_Faces_of_Evil.html
4216,Lupay_(Area).html,is,Location,in,Link__The_Faces_of_Evil.html
4217,Lupay_(Boss).html,is,Boss,in,Link__The_Faces_of_Evil.html
4218,Lurelin_Village.html,is,Location,from,The_Legend_of_Zelda__Breath_of_the_Wild.html
4219,Lurelin_Village.html,is,Location,in,The_Legend_of_Zelda__Breath_of_the_Wild.html
4220,Luto's_Crossing.html,is,Location,in,The_Legend_of_Zelda__Breath_of_the_Wild.html
4221,Luv.html,is,Character,from,The_Legend_of_Zelda__Skyward_Sword.html
4222,Luv.html,is,Character,in,The_Legend_of_Zelda__Skyward_Sword.html
4223,Lyndae.html,is,Character,in,The_Legend_of_Zelda__Breath_of_the_Wild.html
4224,Lyndae.html,is,Character,in,The_Legend_of_Zelda__Breath_of_the_Wild.html
4225,Lynel.html,are,Enemy,in,The_Legend_of_Zelda_series.html
4226,Lynel.html,are,Enemy,in,The_Legend_of_Zelda_(Series).html
4227,Lynel_Bow.html,is,Item,from,The_Legend_of_Zelda__Breath_of_the_Wild.html
4228,Lynel_Bow.html,is,Item,throughout,The_Legend_of_Zelda__The_Wind_Waker.html
4229,Lynel_Bow.html,is,Item,throughout,The_Legend_of_Zelda__The_Wind_Waker.html
4230,Lynel_Crusher.html,is,Item,from,The_Legend_of_Zelda__Breath_of_the_Wild.html
4231,Lynel_Guts.html,are,Item,from,The_Legend_of_Zelda__Breath_of_the_Wild.html
4232,Lynel_Hoof.html,is,Item,from,The_Legend_of_Zelda__Breath_of_the_Wild.html
4233,Lynel_Mask.html,is,Item,from,The_Legend_of_Zelda__Breath_of_the_Wild.html
4234,Lynel_Mask.html,is,Item,in,The_Legend_of_Zelda__Breath_of_the_Wild.html
4235,Lynel_Safari.html,is,Quest,in,The_Legend_of_Zelda__Breath_of_the_Wild.html
4236,Lynel_Shield.html,is,Item,in,The_Legend_of_Zelda__Breath_of_the_Wild.html
4237,Lynel_Spear.html,is,Item,in,The_Legend_of_Zelda__Breath_of_the_Wild.html
4238,Lynel_Sword.html,is,Item,from,The_Legend_of_Zelda__Breath_of_the_Wild.html
4239,Lynna.html,is,Location,in,Labrynna.html
4240,Lynna_City.html,is,Location,in,Labrynna.html
4241,Lynna_City_Shop.html,is,Location,in,The_Legend_of_Zelda__Oracle_of_Ages.html
4242,Lynna_Village.html,is,Location,in,Labrynna.html
4243,Lynna_Village_Shop.html,is,Location,in,The_Legend_of_Zelda__Oracle_of_Ages.html
4244,Lyphos_Sword.html,is,Sword,from,Freshly-Picked_Tingle%27s_Rosy_Rupeeland.html
4245,Maag_Halan.html,is,Character,from,The_Legend_of_Zelda__Breath_of_the_Wild.html
4246,Maag_Halan_Shrine.html,is,Shrine,from,The_Legend_of_Zelda__Breath_of_the_Wild.html
4247,Maag_No'rah.html,is,Character,from,The_Legend_of_Zelda__Breath_of_the_Wild.html
4248,Maag_No'rah_Shrine.html,is,Shrine,from,The_Legend_of_Zelda__Breath_of_the_Wild.html
4249,Mabe_Prairie.html,is,Location,from,The_Legend_of_Zelda__Breath_of_the_Wild.html
4250,Mabe_Village.html,is,Location,from,The_Legend_of_Zelda__Link%27s_Awakening.html
4251,Mabe_Village_Library.html,is,Location,from,The_Legend_of_Zelda__Link%27s_Awakening.html
4252,Mabe_Village_Ruins.html,are,Location,from,The_Legend_of_Zelda__Breath_of_the_Wild.html
4253,Mabe_Village_Ruins.html,are,Location,in,The_Legend_of_Zelda__Breath_of_the_Wild.html
4254,Mabe_Village_Shop.html,is,Shop,from,The_Legend_of_Zelda__Link%27s_Awakening.html
4255,Mabe_Village_Shopkeeper.html,is,Character,from,The_Legend_of_Zelda__Link%27s_Awakening.html
4256,Mable_Ridge.html,is,Location,in,The_Legend_of_Zelda__Breath_of_the_Wild.html
4257,Maca.html,is,Character,from,The_Legend_of_Zelda__Breath_of_the_Wild.html
4258,Maca.html,is,Character,in,The_Legend_of_Zelda__Breath_of_the_Wild.html
4259,Machi.html,is,Character,from,The_Legend_of_Zelda__Skyward_Sword.html
4260,Machi.html,is,Character,in,The_Legend_of_Zelda__Skyward_Sword.html
4261,Mack.html,is,Character,from,The_Legend_of_Zelda__The_Minish_Cap.html
4262,Mack.html,are,Character,in,The_Legend_of_Zelda_(Series).html
4263,Mad_Alchemist.html,is,Character,from,The_Legend_of_Zelda__A_Link_to_the_Past.html
4264,Mad_Batter.html,is,Character,in,The_Legend_of_Zelda_series.html
4265,Mad_Bomber.html,is,Enemy,from,The_Legend_of_Zelda__Link%27s_Awakening.html
4266,Mad_Bomber.html,is,Enemy,in,The_Legend_of_Zelda__Link%27s_Awakening.html
4267,Mad_Jelly.html,is,Enemy,in,The_Legend_of_Zelda__Majora%27s_Mask.html
4268,Madam_Couture.html,is,Character,in,The_Legend_of_Zelda__Tri_Force_Heroes.html
4269,Madam_MeowMeow.html,is,Character,from,The_Legend_of_Zelda__Link%27s_Awakening.html
4270,Madame_Aroma.html,is,Character,from,The_Legend_of_Zelda__Majora%27s_Mask.html
4271,Madame_Aroma.html,is,Character,in,The_Legend_of_Zelda__Majora%27s_Mask.html
4272,Madame_Couture's.html,is,Shop,in,The_Legend_of_Zelda__Tri_Force_Heroes.html
4273,Madame_Couture's_Apprentice.html,is,Character,in,The_Legend_of_Zelda__Tri_Force_Heroes.html
4274,Madame_Couture's_Assistant.html,is,Character,in,The_Legend_of_Zelda__Tri_Force_Heroes.html
4275,Madame_Couture.html,is,Character,in,The_Legend_of_Zelda__Tri_Force_Heroes.html
4276,Madame_Fanadi.html,is,Character,in,The_Legend_of_Zelda__Twilight_Princess.html
4277,Madame_Scratchcard.html,is,Character,from,Missy_(Freshly-Picked_Tingle%27s_Rosy_Rupeeland).html
4278,Madderpillar.html,are,Enemy,from,The_Legend_of_Zelda__The_Minish_Cap.html
4279,Madorna_Mountain.html,is,Location,in,The_Legend_of_Zelda__Breath_of_the_Wild.html
4280,Magda.html,is,Character,from,The_Legend_of_Zelda__Breath_of_the_Wild.html
4281,Magda.html,is,Character,in,The_Legend_of_Zelda__Breath_of_the_Wild.html
4282,Mages.html,are,Group,from,The_Legend_of_Zelda__A_Link_to_the_Past.html
4283,Maggie's_Father.html,is,Character,from,The_Legend_of_Zelda__The_Wind_Waker.html
4284,Maggie's_Father.html,is,Character,in,The_Legend_of_Zelda__The_Wind_Waker.html
4285,Maggie's_Letter.html,is,Item,from,The_Legend_of_Zelda__The_Wind_Waker.html
4286,Maggie.html,is,Character,in,The_Legend_of_Zelda_(Series).html
4287,Maggie_(The_Minish_Cap).html,is,Character,from,The_Legend_of_Zelda__The_Minish_Cap.html
4288,Maggie_(The_Minish_Cap).html,is,Location,in,The_Legend_of_Zelda__The_Minish_Cap.html
4289,Maggie_(The_Wind_Waker).html,is,Character,from,The_Legend_of_Zelda__The_Wind_Waker.html
4290,Maggie_and_Paige.html,is,Location,in,The_Legend_of_Zelda__The_Minish_Cap.html
4291,Magic_Armor.html,is,Item,in,The_Legend_of_Zelda_series.html
4292,Magic_Armor.html,is,Item,in,The_Legend_of_Zelda__Twilight_Princess.html
4293,Magic_Armor_I.html,are,Object,in,Hyrule_Warriors_Legends.html
4294,Magic_Armor_II.html,are,Object,in,Hyrule_Warriors_Legends.html
4295,Magic_Armor_III.html,are,Object,in,Hyrule_Warriors_Legends.html
4296,Magic_Bean.html,are,Item,in,The_Legend_of_Zelda_series.html
4297,Magic_Bean.html,are,Item,in,The_Legend_of_Zelda__Ocarina_of_Time.html
4298,Magic_Beans.html,are,Item,in,The_Legend_of_Zelda__Ocarina_of_Time.html
4299,Magic_Book.html,is,Item,from,The_Legend_of_Zelda__Four_Swords_Adventures.html
4300,Magic_Book.html,is,Item,in,The_Legend_of_Zelda_(Series).html
4301,Magic_Boomerang.html,is,Item,in,The_Legend_of_Zelda_(Series).html
4302,Magic_Bottle.html,are,Item,in,The_Legend_of_Zelda_(Series).html
4303,Magic_Bracelet.html,is,Item,in,The_Legend_of_Zelda_(Series).html
4304,Magic_Cap.html,is,Item,from,The_Legend_of_Zelda__The_Minish_Cap.html
4305,Magic_Cape.html,is,Item,from,The_Legend_of_Zelda__A_Link_to_the_Past.html
4306,Magic_Cape.html,is,Item,in,The_Legend_of_Zelda__A_Link_to_the_Past.html
4307,Magic_Circle.html,are,Object,in,Hyrule_Warriors.html
4308,Magic_Cloak.html,is,Item,in,The_Legend_of_Zelda__A_Link_to_the_Past.html
4309,Magic_Container.html,are,Item,from,Zelda_II__The_Adventure_of_Link.html
4310,Magic_Container.html,are,Item,in,The_Legend_of_Zelda_(Series).html
4311,Magic_Decanter.html,are,Item,in,The_Legend_of_Zelda_(Series).html
4312,Magic_Flute.html,are,Item,in,The_Legend_of_Zelda_(Series).html
4313,Magic_Hags'_Potion_Shop.html,is,Shop,from,The_Legend_of_Zelda__Majora%27s_Mask.html
4314,Magic_Hags'_Potion_Shop.html,is,Location,in,The_Legend_of_Zelda__Majora%27s_Mask.html
4315,Magic_Hammer.html,is,Weapon,in,The_Legend_of_Zelda_series.html
4316,Magic_Hammer.html,is,Item,in,The_Legend_of_Zelda_(Series).html
4317,Magic_Jar.html,are,Item,in,The_Legend_of_Zelda_series.html
4318,Magic_Jar.html,are,Item,in,The_Legend_of_Zelda_(Series).html
4319,Magic_Jars.html,are,Item,in,The_Legend_of_Zelda_(Series).html
4320,Magic_Key.html,is,Item,in,The_Legend_of_Zelda_(Series).html
4321,Magic_Lantern.html,is,Item,in,The_Legend_of_Zelda_(Series).html
4322,Magic_Mirror.html,is,Item,from,The_Legend_of_Zelda__A_Link_to_the_Past.html
4323,Magic_Mirror.html,is,Item,in,The_Legend_of_Zelda__A_Link_to_the_Past.html
4324,Magic_Mushroom.html,are,Item,from,The_Legend_of_Zelda__Majora%27s_Mask.html
4325,Magic_Mushroom.html,are,Item,in,The_Legend_of_Zelda_(Series).html
4326,Magic_Powder.html,is,Item,in,The_Legend_of_Zelda_series.html
4327,Magic_Powder.html,is,Item,in,The_Legend_of_Zelda_(Series).html
4328,Magic_Ring.html,are,Item,in,The_Legend_of_Zelda__Oracle_of_Ages.html
4329,Magic_Rings.html,are,Item,in,The_Legend_of_Zelda__Oracle_of_Ages.html
4330,Magic_Rod.html,is,Item,from,The_Legend_of_Zelda_series.html
4331,Magic_Shield.html,is,Item,in,The_Legend_of_Zelda_(Series).html
4332,Magic_Shop.html,is,Shop,from,The_Legend_of_Zelda__A_Link_to_the_Past.html
4333,Magic_Shop.html,is,Location,in,The_Legend_of_Zelda__A_Link_to_the_Past.html
4334,Magic_Sword.html,is,Sword,in,The_Legend_of_Zelda_(Series).html
4335,Magic_Whistle.html,is,Item,in,The_Legend_of_Zelda_(Series).html
4336,Magical_Boomerang.html,is,Item,in,The_Legend_of_Zelda_series.html
4337,Magical_Boomerang.html,is,Item,in,The_Legend_of_Zelda_(Series).html
4338,Magical_Clock.html,are,Item,in,The_Legend_of_Zelda_(Series).html
4339,Magical_Decanter.html,are,Item,in,The_Legend_of_Zelda_(Series).html
4340,Magical_Key.html,is,Item,in,The_Legend_of_Zelda_series.html
4341,Magical_Key.html,is,Item,in,The_Legend_of_Zelda_(Series).html
4342,Magical_Mirror.html,is,Item,in,The_Legend_of_Zelda__A_Link_to_the_Past.html
4343,Magical_Rod.html,is,Item,from,The_Legend_of_Zelda.html
4344,Magical_Shield.html,is,Shield,in,The_Legend_of_Zelda_series.html
4345,Magical_Shield.html,is,Item,in,The_Legend_of_Zelda_(Series).html
4346,Magical_Sword.html,is,Sword,in,The_Legend_of_Zelda_series.html
4347,Magical_Sword.html,is,Sword,in,The_Legend_of_Zelda_(Series).html
4348,Magician.html,is,Character,from,Zelda_II__The_Adventure_of_Link/Prologue.html
4349,Magma_Ball.html,is,Item,from,Freshly-Picked_Tingle%27s_Rosy_Rupeeland.html
4350,Magma_Spume.html,are,Enemy,from,The_Legend_of_Zelda__Skyward_Sword.html
4351,Magma_Spume.html,are,Enemy,in,The_Legend_of_Zelda__Skyward_Sword.html
4352,Magmanos.html,are,Enemy,in,The_Legend_of_Zelda__Skyward_Sword.html
4353,Magnesis_Rune.html,is,Item,from,The_Legend_of_Zelda__Breath_of_the_Wild.html
4354,Magnetic_Glove.html,is,Item,in,The_Legend_of_Zelda_(Series).html
4355,Magnetic_Gloves.html,are,Item,in,The_Legend_of_Zelda_series.html
4356,Magnetic_Gloves.html,is,Item,in,The_Legend_of_Zelda_(Series).html
4357,Magnifying_Lens.html,is,Item,from,The_Legend_of_Zelda__Link%27s_Awakening.html
4358,Magnifying_Lens.html,is,Item,in,Link%27s_Awakening_Trading_Sequence.html
4359,Magnite.html,are,Enemy,in,The_Legend_of_Zelda__Oracle_of_Seasons.html
4360,Mago.html,are,Enemy,from,Zelda_II__The_Adventure_of_Link.html
4361,Mago.html,are,Enemy,in,Zelda_II__The_Adventure_of_Link.html
4362,Magtail.html,are,Enemy,from,The_Legend_of_Zelda__The_Wind_Waker.html
4363,Magtail.html,is,Enemy,in,The_Legend_of_Zelda__The_Wind_Waker.html
4364,Magunesu.html,are,Enemy,in,The_Legend_of_Zelda__Oracle_of_Seasons.html
4365,Mah_Eliya.html,is,Character,from,The_Legend_of_Zelda__Breath_of_the_Wild.html
4366,Mah_Eliya_Shrine.html,is,Shrine,from,The_Legend_of_Zelda__Breath_of_the_Wild.html
4367,Maiamai_Map.html,is,Item,from,The_Legend_of_Zelda__A_Link_Between_Worlds.html
4368,Maiamai_Map.html,is,Object,in,The_Legend_of_Zelda__A_Link_Between_Worlds.html
4369,Maike.html,is,Character,in,The_Legend_of_Zelda__Breath_of_the_Wild.html
4370,Maike.html,is,Character,in,The_Legend_of_Zelda__Breath_of_the_Wild.html
4371,Mail_Box.html,are,Object,in,The_Legend_of_Zelda_(Series).html
4372,Mail_Center.html,is,Location,from,The_Legend_of_Zelda__The_Wind_Waker.html
4373,Mailbox.html,are,Object,in,The_Legend_of_Zelda_(Series).html
4374,Majiyo.html,is,Boss,in,Ripened_Tingle%27s_Balloon_Trip_of_Love.html
4375,Majora's_Incarnation.html,is,Boss,from,The_Legend_of_Zelda__Majora%27s_Mask.html
4376,Majora's_Mask_(Item).html,is,Item,in,The_Legend_of_Zelda_(Series).html
4377,Majora's_Mask_(mask).html,is,Item,in,The_Legend_of_Zelda_series.html
4378,Majora's_Mask__The_Abridged_Series.html,is,Sequel,to,The_Legend_of_Zelda__Majora%27s_Mask.html
4379,Majora's_Ocarina.html,are,Item,in,The_Legend_of_Zelda_(Series).html
4380,Majora's_Ocarina_+.html,are,Item,in,The_Legend_of_Zelda_(Series).html
4381,Maka_Rah.html,is,Character,from,The_Legend_of_Zelda__Breath_of_the_Wild.html
4382,Maka_Rah_Shrine.html,is,Shrine,from,The_Legend_of_Zelda__Breath_of_the_Wild.html
4383,Makar.html,is,Character,from,The_Legend_of_Zelda_series.html
4384,Makar.html,is,Character,in,The_Legend_of_Zelda__The_Wind_Waker.html
4385,Makeela_Riju.html,is,Character,from,The_Legend_of_Zelda__Breath_of_the_Wild.html
4386,Mako.html,is,Character,in,The_Legend_of_Zelda_series.html
4387,Mako.html,is,Character,in,The_Legend_of_Zelda_(Series).html
4388,Maku.html,is,Character,in,Oracle_Series.html
4389,Maku_Tree's_Meadow.html,is,Character,in,Oracle_Series.html
4390,Maku_Tree.html,is,Character,in,Oracle_Series.html
4391,Makure.html,is,Character,in,The_Legend_of_Zelda__Breath_of_the_Wild.html
4392,Makure.html,is,Character,in,The_Legend_of_Zelda__Breath_of_the_Wild.html
4393,Malanya.html,is,Character,from,The_Legend_of_Zelda__Breath_of_the_Wild.html
4394,Malanya.html,is,Character,in,The_Legend_of_Zelda__Breath_of_the_Wild.html
4395,Malanya_Spring.html,is,Location,in,The_Legend_of_Zelda__Breath_of_the_Wild.html
4396,Malena.html,is,Character,in,The_Legend_of_Zelda__Breath_of_the_Wild.html
4397,Malena.html,is,Character,in,The_Legend_of_Zelda__Breath_of_the_Wild.html
4398,Malgyorg.html,are,Enemy,from,The_Legend_of_Zelda__Spirit_Tracks.html
4399,Malin_Bay.html,is,Location,from,The_Legend_of_Zelda__Breath_of_the_Wild.html
4400,Malladus_(boss).html,is,Boss,of,The_Legend_of_Zelda__Spirit_Tracks.html
4401,Mallara.html,is,Character,from,The_Legend_of_Zelda__Skyward_Sword.html
4402,Mallara.html,is,Character,in,The_Legend_of_Zelda__Skyward_Sword.html
4403,Malmord.html,is,Boss,in,Zelda%27s_Adventure.html
4404,Malo_Mart.html,is,Location,in,The_Legend_of_Zelda_(Series).html
4405,Malo_Mart_Castle_Branch.html,is,Location,in,The_Legend_of_Zelda__Twilight_Princess.html
4406,Malon.html,is,Character,in,The_Legend_of_Zelda_series.html
4407,Malon.html,is,Character,in,The_Legend_of_Zelda_(Series).html
4408,Mama.html,is,Character,from,The_Legend_of_Zelda__The_Minish_Cap.html
4409,Mama_Turtle.html,is,Character,from,The_Legend_of_Zelda__A_Link_Between_Worlds.html
4410,Mama_Turtle.html,is,Character,in,The_Legend_of_Zelda__A_Link_Between_Worlds.html
4411,Mamamu_Yan.html,is,Character,in,The_Legend_of_Zelda__Ocarina_of_Time.html
4412,Mamamu_Yan.html,is,Character,in,The_Legend_of_Zelda_(Series).html
4413,Mamba.html,is,Character,from,Freshly-Picked_Tingle%27s_Rosy_Rupeeland.html
4414,Mamu.html,is,Character,from,The_Legend_of_Zelda__Link%27s_Awakening.html
4415,Mamu.html,is,Character,in,The_Legend_of_Zelda__Link%27s_Awakening.html
4416,Man_from_Curiosity_Shop.html,is,Character,in,The_Legend_of_Zelda__Majora%27s_Mask.html
4417,Man_from_Trading_Post.html,is,Character,in,The_Legend_of_Zelda__Majora%27s_Mask.html
4418,Man_from_the_Bazaar.html,is,Character,from,The_Legend_of_Zelda__Ocarina_of_Time.html
4419,Man_from_the_Bomb_Shop.html,is,Character,in,The_Legend_of_Zelda_series.html
4420,Man_from_the_Curiosity_Shop.html,is,Character,from,The_Legend_of_Zelda__Majora%27s_Mask.html
4421,Man_from_the_Medicine_Shop.html,is,Character,from,The_Legend_of_Zelda__Ocarina_of_Time.html
4422,Man_from_the_Shooting_Gallery.html,is,Character,in,The_Legend_of_Zelda_series.html
4423,Man_from_the_Trading_Post.html,is,Character,from,The_Legend_of_Zelda__Majora%27s_Mask.html
4424,Man_in_Blind's_Hideout.html,is,Character,in,The_Legend_of_Zelda__A_Link_to_the_Past.html
4425,Man_of_Smiles.html,is,Character,from,The_Legend_of_Zelda__Phantom_Hourglass.html
4426,Man_of_Smiles.html,is,Character,in,The_Legend_of_Zelda__Phantom_Hourglass.html
4427,Manbo's_Mambo.html,is,Song,from,The_Legend_of_Zelda__Link%27s_Awakening.html
4428,Manbo's_Pond.html,is,Location,from,The_Legend_of_Zelda__Link%27s_Awakening.html
4429,Manbo.html,is,Character,from,The_Legend_of_Zelda__Link%27s_Awakening.html
4430,Manhala_Bridge.html,is,Location,from,The_Legend_of_Zelda__Breath_of_the_Wild.html
4431,Manhandla.html,is,Boss,in,The_Legend_of_Zelda_(Series).html
4432,Manhandla_(Hyrule_Warriors).html,is,Boss,in,Hyrule_Warriors_Legends.html
4433,Manhandla_(Oracle_of_Seasons).html,is,Boss,of,Ancient_Ruins_(Oracle_of_Seasons).html
4434,Manhandla_(The_Legend_of_Zelda).html,is,Boss,of,Level_8_(First_Quest).html
4435,Manny.html,is,Character,in,The_Legend_of_Zelda__The_Wind_Waker.html
4436,Manny_(Breath_of_the_Wild).html,is,Character,from,The_Legend_of_Zelda__Breath_of_the_Wild.html
4437,Manny_(The_Wind_Waker).html,is,Character,from,The_Legend_of_Zelda.html
4438,Map-Seller.html,is,Character,from,Freshly-Picked_Tingle%27s_Rosy_Rupeeland.html
4439,Map-Seller.html,is,Character,in,Freshly-Picked_Tingle%27s_Rosy_Rupeeland.html
4440,Map.html,are,Item,in,The_Legend_of_Zelda_series.html
4441,Map.html,are,Item,in,The_Legend_of_Zelda_(Series).html
4442,Map_of_Hyrule.html,is,Item,from,The_Legend_of_Zelda__The_Minish_Cap.html
4443,Mapes.html,is,Character,in,The_Legend_of_Zelda__A_Link_Between_Worlds.html
4444,Mapla_Point.html,is,Location,in,The_Legend_of_Zelda__Breath_of_the_Wild.html
4445,Maple's_Ring.html,are,Item,in,The_Legend_of_Zelda__Oracle_of_Ages.html
4446,Maple.html,is,Character,in,The_Legend_of_Zelda__Oracle_of_Seasons.html
4447,Maple.html,is,Character,in,The_Legend_of_Zelda__A_Link_to_the_Past.html
4448,Maps.html,are,Item,in,The_Legend_of_Zelda_(Series).html
4449,Marathon_Man.html,is,Character,in,The_Legend_of_Zelda_(Series).html
4450,Marblod_Plain.html,is,Location,in,The_Legend_of_Zelda__Breath_of_the_Wild.html
4451,Marcy.html,is,Character,from,The_Legend_of_Zelda__The_Minish_Cap.html
4452,Marcy.html,is,Character,in,The_Legend_of_Zelda__The_Minish_Cap.html
4453,Margo.html,are,Enemy,in,Zelda_II__The_Adventure_of_Link.html
4454,Margoma.html,is,Boss,in,The_Legend_of_Zelda__Tri_Force_Heroes.html
4455,Margoma.html,is,Boss,of,Forest_Temple_(Tri_Force_Heroes).html
4456,Margomill.html,is,Boss,of,House_of_Gales.html
4457,Margomill.html,is,Boss,in,Link.html
4458,Marin.html,is,Character,from,The_Legend_of_Zelda__Link%27s_Awakening.html
4459,Marin.html,is,Character,in,The_Legend_of_Zelda__Link%27s_Awakening.html
4460,Marine_Research_Lab.html,is,Location,from,The_Legend_of_Zelda__Majora%27s_Mask.html
4461,Marine_Research_Laboratory.html,is,Location,in,The_Legend_of_Zelda__Majora%27s_Mask.html
4462,Maritime_Defense_Force.html,is,Group,from,The_Legend_of_Zelda__Phantom_Hourglass.html
4463,Maritta_Exchange_Ruins.html,are,Location,in,The_Legend_of_Zelda__Breath_of_the_Wild.html
4464,Marot.html,is,Character,in,The_Legend_of_Zelda__Breath_of_the_Wild.html
4465,Marot_Mart.html,is,Shop,from,The_Legend_of_Zelda__Breath_of_the_Wild.html
4466,Marshall.html,is,Character,from,The_Legend_of_Zelda__The_Minish_Cap.html
4467,Marta.html,is,Character,in,The_Legend_of_Zelda__Breath_of_the_Wild.html
4468,Marta.html,is,Character,in,The_Legend_of_Zelda__Breath_of_the_Wild.html
4469,Martha's_Bay.html,is,Location,from,The_Legend_of_Zelda__Link%27s_Awakening.html
4470,Martha's_Landing.html,is,Location,in,The_Legend_of_Zelda__Breath_of_the_Wild.html
4471,Martha.html,is,Character,from,The_Legend_of_Zelda__Link%27s_Awakening.html
4472,Martha.html,is,Character,in,The_Legend_of_Zelda__Link%27s_Awakening.html
4473,Mask.html,are,Item,in,The_Legend_of_Zelda_series.html
4474,Mask.html,are,Item,in,The_Legend_of_Zelda_(Series).html
4475,Mask_of_Scents.html,is,Mask,in,The_Legend_of_Zelda__Majora%27s_Mask.html
4476,Mask_of_Truth.html,is,Mask,in,The_Legend_of_Zelda_series.html
4477,Mask_of_Truth.html,is,Item,in,The_Legend_of_Zelda__Ocarina_of_Time.html
4478,Masked_Elder.html,is,Character,from,The_Legend_of_Zelda__A_Link_Between_Worlds.html
4479,Masked_Elder.html,is,Character,in,The_Legend_of_Zelda__A_Link_Between_Worlds.html
4480,Masked_Granny.html,is,Character,in,The_Legend_of_Zelda__A_Link_Between_Worlds.html
4481,Masked_Ship.html,is,Shop,in,The_Legend_of_Zelda_series.html
4482,Masks.html,are,Item,in,The_Legend_of_Zelda_series.html
4483,Masks.html,are,Item,in,The_Legend_of_Zelda_(Series).html
4484,Master's_Plaque.html,is,Item,in,The_Legend_of_Zelda__Oracle_of_Seasons.html
4485,Master_Craftsman.html,is,Character,in,The_Legend_of_Zelda__Ocarina_of_Time.html
4486,Master_Cycle.html,is,Item,in,The_Legend_of_Zelda_(Series).html
4487,Master_Cycle_Zero.html,is,Item,from,The_Legend_of_Zelda__Breath_of_the_Wild.html
4488,Master_Cycle_Zero.html,is,Item,in,The_Legend_of_Zelda_(Series).html
4489,Master_Kohga.html,is,Boss,in,The_Legend_of_Zelda__Breath_of_the_Wild.html
4490,Master_Ore.html,is,Item,from,The_Legend_of_Zelda__A_Link_Between_Worlds.html
4491,Master_Ore.html,is,Item,in,The_Legend_of_Zelda__A_Link_Between_Worlds.html
4492,Master_Pen.html,is,Item,from,Freshly-Picked_Tingle%27s_Rosy_Rupeeland.html
4493,Master_Rupee.html,is,Item,from,Tower_(Freshly-Picked_Tingle%27s_Rosy_Rupeeland).html
4494,Master_Stalfos.html,is,Boss,of,Koholint_Island.html
4495,Master_Sword.html,is,Sword,in,#cite_note-legendary-13
4496,Master_Sword_Infused_with_Light.html,is,Sword,in,#cite_note-legendary-13
4497,Master_Sword_Lv2.html,is,Sword,in,The_Legend_of_Zelda_series.html
4498,Master_Sword_Lv2.html,is,Item,in,The_Legend_of_Zelda__A_Link_Between_Worlds.html
4499,Master_Sword_Lv3.html,is,Sword,in,The_Legend_of_Zelda_series.html
4500,Master_Sword_Lv3.html,is,Item,in,The_Legend_of_Zelda_(Series).html
4501,Master_of_the_Wind.html,is,Quest,in,The_Legend_of_Zelda__Breath_of_the_Wild.html
4502,Match_Master.html,is,Character,in,The_Legend_of_Zelda__Tri_Force_Heroes.html
4503,Material.html,are,Item,in,The_Legend_of_Zelda_series.html
4504,Materials.html,are,Object,in,The_Legend_of_Zelda_series.html
4505,Mau.html,are,Enemy,from,Zelda_II__The_Adventure_of_Link.html
4506,Mau.html,is,Enemy,in,Zelda_II__The_Adventure_of_Link.html
4507,Maw_of_Death_Mountain.html,is,Location,in,The_Legend_of_Zelda__Breath_of_the_Wild.html
4508,Maw_of_Death_Mountain.html,is,Location,in,The_Legend_of_Zelda__Breath_of_the_Wild.html
4509,Max.html,is,Character,from,The_Legend_of_Zelda__Phantom_Hourglass.html
4510,Mayor's_Official_Residence.html,is,Location,in,The_Legend_of_Zelda__Majora%27s_Mask.html
4511,Mayor's_Residence.html,is,Location,from,The_Legend_of_Zelda__Majora%27s_Mask.html
4512,Mayor_Cravendish.html,is,Character,in,Zelda__The_Wand_of_Gamelon.html
4513,Mayor_Dotour.html,is,Character,from,The_Legend_of_Zelda__Majora%27s_Mask.html
4514,Mayor_Dotour.html,is,Character,in,The_Legend_of_Zelda__Majora%27s_Mask.html
4515,Mayor_Hagen's_Lakeside_Cabin.html,is,Location,from,The_Legend_of_Zelda__The_Minish_Cap.html
4516,Mayor_Hagen's_Lakeside_Cabin.html,is,Location,in,The_Legend_of_Zelda__The_Minish_Cap.html
4517,Mayor_Hagen.html,is,Character,from,The_Legend_of_Zelda__The_Minish_Cap.html
4518,Mayor_Kravindish.html,is,Character,from,Zelda__The_Wand_of_Gamelon.html
4519,Mayor_Plen.html,is,Character,in,The_Legend_of_Zelda__Oracle_of_Seasons.html
4520,Mayor_Ruul.html,is,Character,in,The_Legend_of_Zelda__Oracle_of_Seasons.html
4521,Maypin.html,is,Character,in,The_Legend_of_Zelda__Breath_of_the_Wild.html
4522,Maypin.html,is,Character,in,The_Legend_of_Zelda__Breath_of_the_Wild.html
4523,Mayro.html,is,Character,from,The_Legend_of_Zelda__Breath_of_the_Wild.html
4524,Mayro.html,is,Character,in,The_Legend_of_Zelda__Breath_of_the_Wild.html
4525,Maz_Koshia.html,is,Boss,Ballad DLC for Breath of the,The_Legend_of_Zelda__Breath_of_the_Wild.html
4526,Mazaal.html,is,Boss,of,Fortress_of_Winds.html
4527,Mazaal.html,is,Boss,of,Fortress_of_Winds.html
4528,Maze_Island_Palace.html,is,Dungeon,in,Link.html
4529,Mazli.html,is,Character,in,The_Legend_of_Zelda__Breath_of_the_Wild.html
4530,Mazli.html,is,Character,in,The_Legend_of_Zelda__Breath_of_the_Wild.html
4531,Mazo.html,is,Character,from,The_Legend_of_Zelda__Phantom_Hourglass.html
4532,Mazo.html,is,Character,in,The_Legend_of_Zelda__Phantom_Hourglass.html
4533,Mazura.html,is,Boss,in,Zelda_II__The_Adventure_of_Link.html
4534,McNey.html,is,Character,from,The_Legend_of_Zelda__Phantom_Hourglass.html
4535,Meadela's_Mantle.html,is,Location,in,The_Legend_of_Zelda__Breath_of_the_Wild.html
4536,Meadela's_Mantle.html,is,Location,in,The_Legend_of_Zelda__Breath_of_the_Wild.html
4537,Meadow_of_Skotness.html,is,Location,in,Zelda%27s_Adventure.html
4538,Meager_Cannon.html,are,Object,in,The_Legend_of_Zelda__Phantom_Hourglass.html
4539,Meat.html,is,Item,for,Companion_Fairies.html
4540,Meat_&_Mushroom_Skewer.html,is,Item,from,The_Legend_of_Zelda__Breath_of_the_Wild.html
4541,Meat_Curry.html,is,Item,from,The_Legend_of_Zelda__Breath_of_the_Wild.html
4542,Meat_Pie.html,is,Item,from,The_Legend_of_Zelda__Breath_of_the_Wild.html
4543,Meat_Skewer.html,is,Item,from,The_Legend_of_Zelda__Breath_of_the_Wild.html
4544,Meat_Stew.html,is,Item,from,The_Legend_of_Zelda__Breath_of_the_Wild.html
4545,Meat_and_Mushroom_Skewer.html,is,Item,from,The_Legend_of_Zelda__Breath_of_the_Wild.html
4546,Meat_and_Rice_Bowl.html,is,Item,from,The_Legend_of_Zelda__Breath_of_the_Wild.html
4547,Meat_and_Seafood_Fry.html,is,Item,from,The_Legend_of_Zelda__Breath_of_the_Wild.html
4548,Meaty_Rice_Balls.html,are,Item,from,The_Legend_of_Zelda__Breath_of_the_Wild.html
4549,Meda_Mountain.html,is,Location,from,The_Legend_of_Zelda__Breath_of_the_Wild.html
4550,Medal.html,are,Item,in,The_Legend_of_Zelda_(Series).html
4551,Medal_of_Honor__Hinox.html,is,Item,from,The_Legend_of_Zelda__Breath_of_the_Wild.html
4552,Medal_of_Honor__Molduga.html,is,Item,from,The_Legend_of_Zelda__Breath_of_the_Wild.html
4553,Medal_of_Honor__Talus.html,is,Item,from,The_Legend_of_Zelda__Breath_of_the_Wild.html
4554,Medicinal_Molduga.html,is,Quest,from,The_Legend_of_Zelda__Breath_of_the_Wild.html
4555,Medicinal_Molduga.html,is,Quest,in,The_Legend_of_Zelda__Breath_of_the_Wild.html
4556,Medicine_Shop.html,is,Shop,from,The_Legend_of_Zelda__Ocarina_of_Time.html
4557,Medicine_Shop_Owner.html,is,Character,in,The_Legend_of_Zelda__Ocarina_of_Time.html
4558,Medigoron's_Blade_Store.html,is,Shop,from,The_Legend_of_Zelda__Ocarina_of_Time.html
4559,Medigoron's_Blade_Store.html,is,Location,in,The_Legend_of_Zelda__Ocarina_of_Time.html
4560,Medigoron.html,is,Character,in,The_Legend_of_Zelda_series.html
4561,Medigoron.html,is,Character,in,The_Legend_of_Zelda__Ocarina_of_Time.html
4562,Medilia.html,is,Character,by,The_Legend_of_Zelda_comics.html
4563,Medingo_Pool.html,is,Location,in,The_Legend_of_Zelda__Breath_of_the_Wild.html
4564,Medingo_Pool.html,is,Location,in,The_Legend_of_Zelda__Breath_of_the_Wild.html
4565,Medium_Bomb_Bag.html,are,Item,from,The_Legend_of_Zelda__Skyward_Sword.html
4566,Medium_Quiver.html,is,Item,from,The_Legend_of_Zelda__Skyward_Sword.html
4567,Medium_Quiver.html,are,Item,in,The_Legend_of_Zelda_(Series).html
4568,Medium_Seed_Satchel.html,is,Item,from,The_Legend_of_Zelda__Skyward_Sword.html
4569,Medium_Seed_Satchel.html,is,Item,in,The_Legend_of_Zelda_(Series).html
4570,Medium_Wallet.html,is,Item,in,The_Legend_of_Zelda__Skyward_Sword.html
4571,Medli%2FHyrule_Warriors.html,is,Character,from,../Hyrule_Warriors_Legends.html
4572,Medli.html,is,Character,from,The_Legend_of_Zelda__The_Wind_Waker.html
4573,Medli.html,is,Character,in,The_Legend_of_Zelda__The_Wind_Waker.html
4574,Medoh's_Emblem.html,is,Item,from,The_Legend_of_Zelda__The_Wind_Waker.html
4575,Meeshy.html,is,Character,from,The_Legend_of_Zelda__Breath_of_the_Wild.html
4576,Meg.html,is,Character,in,The_Legend_of_Zelda_series.html
4577,Mega_Thwomp.html,is,Enemy,in,The_Legend_of_Zelda__Link%27s_Awakening.html
4578,Megaphone_Old_Man.html,is,Character,in,The_Legend_of_Zelda__Oracle_of_Seasons.html
4579,Megaton_Hammer.html,is,Item,from,The_Legend_of_Zelda__Ocarina_of_Time.html
4580,Megaton_Hammer.html,is,Item,in,The_Legend_of_Zelda_(Series).html
4581,Megaton_Hammer_+.html,is,Item,from,The_Legend_of_Zelda__Ocarina_of_Time.html
4582,Megaton_Hammer_+.html,is,Item,in,The_Legend_of_Zelda_(Series).html
4583,Meghyn.html,is,Character,in,The_Legend_of_Zelda__Breath_of_the_Wild.html
4584,Megmat.html,are,Enemy,from,Zelda_II__The_Adventure_of_Link.html
4585,Megmat.html,are,Enemy,in,Zelda_II__The_Adventure_of_Link.html
4586,Mei.html,is,Character,from,The_Legend_of_Zelda__Breath_of_the_Wild.html
4587,Mei.html,is,Character,in,The_Legend_of_Zelda__Breath_of_the_Wild.html
4588,Mekar_Island.html,is,Location,from,The_Legend_of_Zelda__Breath_of_the_Wild.html
4589,Mekar_Island.html,is,Location,in,The_Legend_of_Zelda__Breath_of_the_Wild.html
4590,Mekar_River.html,is,Location,from,The_Legend_of_Zelda__Breath_of_the_Wild.html
4591,Melari's_Mine.html,is,Location,in,The_Legend_of_Zelda__The_Minish_Cap.html
4592,Melari's_Mines.html,is,Location,from,The_Legend_of_Zelda__The_Minish_Cap.html
4593,Melari's_Sword.html,is,Sword,in,The_Legend_of_Zelda_(Series).html
4594,Melari.html,is,Character,from,The_Legend_of_Zelda__The_Minish_Cap.html
4595,Mellie's_Plum_Garden.html,is,Location,from,The_Legend_of_Zelda__Breath_of_the_Wild.html
4596,Mellie.html,is,Character,from,The_Legend_of_Zelda__Breath_of_the_Wild.html
4597,Melody_of_Darkness.html,is,Song,from,The_Legend_of_Zelda__Majora%27s_Mask.html
4598,Member's_Card.html,is,Item,in,The_Legend_of_Zelda__Oracle_of_Seasons.html
4599,Menoat_River.html,is,Location,in,The_Legend_of_Zelda__Breath_of_the_Wild.html
4600,Mercay.html,is,Location,of,Temple_of_the_Ocean_King.html
4601,Mercay.html,is,Location,of,Temple_of_the_Ocean_King.html
4602,Mercay_Island.html,is,Location,of,Temple_of_the_Ocean_King.html
4603,Mercay_Island.html,is,Location,of,Temple_of_the_Ocean_King.html
4604,Mercay_Island_(Breath_of_the_Wild).html,is,Location,in,The_Legend_of_Zelda__Breath_of_the_Wild.html
4605,Mercay_Island_Shop.html,is,Shop,in,The_Legend_of_Zelda__Phantom_Hourglass.html
4606,Mercay_Tavern.html,is,Location,in,The_Legend_of_Zelda__Phantom_Hourglass.html
4607,Merchant.html,is,Character,from,The_Legend_of_Zelda.html
4608,Merchant.html,are,Character,in,The_Legend_of_Zelda_(Game).html
4609,Merchant_Fan.html,is,Item,from,Freshly-Picked_Tingle%27s_Rosy_Rupeeland.html
4610,Merco.html,is,Character,from,The_Legend_of_Zelda__Skyward_Sword.html
4611,Merco.html,is,Character,in,The_Legend_of_Zelda__Skyward_Sword.html
4612,Merina.html,is,Character,in,The_Legend_of_Zelda__Breath_of_the_Wild.html
4613,Merina.html,is,Character,in,The_Legend_of_Zelda__Breath_of_the_Wild.html
4614,Mermaid's_Cave.html,is,Dungeon,from,Vire_(Oracle_of_Ages/Oracle_of_Seasons).html
4615,Mermaid's_Cave.html,is,Dungeon,in,The_Legend_of_Zelda__Oracle_of_Ages.html
4616,Mermaid's_Necklace.html,is,Item,in,The_Legend_of_Zelda_(Series).html
4617,Mermaid's_Scale.html,is,Item,from,The_Legend_of_Zelda__Link%27s_Awakening.html
4618,Mermaid_Prow.html,are,Object,in,The_Legend_of_Zelda__Phantom_Hourglass.html
4619,Mermaid_Sidequest.html,is,Character,in,The_Legend_of_Zelda__Phantom_Hourglass.html
4620,Mesa.html,is,Character,from,The_Legend_of_Zelda__The_Wind_Waker.html
4621,Mesa.html,is,Character,in,The_Legend_of_Zelda__The_Wind_Waker.html
4622,Message_in_a_Bottle.html,is,Item,from,The_Legend_of_Zelda__A_Link_Between_Worlds.html
4623,Metal_Shield_Moblin.html,are,Enemy,in,The_Legend_of_Zelda_(Series).html
4624,Meteo_Wizzrobe.html,are,Enemy,in,The_Legend_of_Zelda__Breath_of_the_Wild.html
4625,Meteo_Wizzrobe.html,are,Enemy,in,The_Legend_of_Zelda__Breath_of_the_Wild.html
4626,Meteor_Rod.html,is,Item,from,The_Legend_of_Zelda__Breath_of_the_Wild.html
4627,Mezer.html,is,Character,in,The_Legend_of_Zelda__Breath_of_the_Wild.html
4628,Mezza_Lo.html,is,Character,from,The_Legend_of_Zelda__Breath_of_the_Wild.html
4629,Mezza_Lo_Shrine.html,is,Shrine,from,The_Legend_of_Zelda__Breath_of_the_Wild.html
4630,Mia.html,is,Character,from,The_Legend_of_Zelda__Skyward_Sword.html
4631,Midla_Woods.html,are,Location,in,The_Legend_of_Zelda__Breath_of_the_Wild.html
4632,Midna%2FHyrule_Warriors.html,is,Character,from,../Hyrule_Warriors_series.html
4633,Midna's_Father.html,is,Character,in,The_Legend_of_Zelda__Twilight_Princess_(Himekawa).html
4634,Midna's_Helmet.html,is,Item,from,The_Legend_of_Zelda__Twilight_Princess.html
4635,Mido.html,is,Character,from,The_Legend_of_Zelda__Ocarina_of_Time.html
4636,Mido.html,is,Character,in,The_Legend_of_Zelda__Ocarina_of_Time.html
4637,Mido_Swamp.html,is,Location,in,The_Legend_of_Zelda__Breath_of_the_Wild.html
4638,Mido_Swamp.html,is,Location,in,The_Legend_of_Zelda__Breath_of_the_Wild.html
4639,Midoro_Palace.html,is,Dungeon,in,Zelda_II__The_Adventure_of_Link.html
4640,Midoro_Palace.html,is,Dungeon,in,Zelda_II__The_Adventure_of_Link.html
4641,Midoro_Swamp.html,is,Location,from,Zelda_II__The_Adventure_of_Link.html
4642,Miff.html,is,Character,by,The_Legend_of_Zelda_comics.html
4643,Mighty_Bananas.html,are,Item,from,The_Legend_of_Zelda__Breath_of_the_Wild.html
4644,Mighty_Darknut.html,are,Enemy,from,The_Legend_of_Zelda__The_Wind_Waker.html
4645,Mighty_Darknut.html,are,Boss,in,The_Legend_of_Zelda__The_Wind_Waker.html
4646,Mighty_Elixir.html,is,Item,from,The_Legend_of_Zelda__Breath_of_the_Wild.html
4647,Mighty_Lynel_Bow.html,is,Item,from,The_Legend_of_Zelda__Breath_of_the_Wild.html
4648,Mighty_Lynel_Crusher.html,is,Item,from,The_Legend_of_Zelda__Breath_of_the_Wild.html
4649,Mighty_Lynel_Shield.html,is,Item,from,The_Legend_of_Zelda__Breath_of_the_Wild.html
4650,Mighty_Lynel_Spear.html,is,Item,from,The_Legend_of_Zelda__Breath_of_the_Wild.html
4651,Mighty_Lynel_Sword.html,is,Item,from,The_Legend_of_Zelda__Breath_of_the_Wild.html
4652,Miiverse_Gallery.html,is,Location,in,Hytopia.html
4653,Mija.html,is,Character,in,The_Legend_of_Zelda__Breath_of_the_Wild.html
4654,Mija.html,is,Character,in,The_Legend_of_Zelda__Breath_of_the_Wild.html
4655,Mijah_Rokee.html,is,Character,from,The_Legend_of_Zelda__Breath_of_the_Wild.html
4656,Mijah_Rokee_Shrine.html,is,Shrine,from,The_Legend_of_Zelda__Breath_of_the_Wild.html
4657,Mikau's_Diary.html,is,Object,in,The_Legend_of_Zelda__Majora%27s_Mask.html
4658,Mikau.html,is,Character,from,The_Legend_of_Zelda__Majora%27s_Mask.html
4659,Mikau.html,is,Character,in,The_Legend_of_Zelda__Majora%27s_Mask.html
4660,Mikau_Lake.html,is,Location,in,The_Legend_of_Zelda__Breath_of_the_Wild.html
4661,Mila's_Father.html,is,Character,from,The_Legend_of_Zelda__The_Wind_Waker.html
4662,Mila's_Father.html,is,Character,in,The_Legend_of_Zelda__The_Wind_Waker.html
4663,Mila.html,is,Character,from,The_Legend_of_Zelda__The_Wind_Waker.html
4664,Mila.html,is,Character,in,The_Legend_of_Zelda__The_Wind_Waker.html
4665,Military_Training_Camp.html,is,Location,in,The_Legend_of_Zelda__Breath_of_the_Wild.html
4666,Military_Training_Camp.html,is,Location,in,The_Legend_of_Zelda__Breath_of_the_Wild.html
4667,Militron.html,is,Boss,in,Link__The_Faces_of_Evil.html
4668,Militron_(Area).html,is,Location,in,Link__The_Faces_of_Evil.html
4669,Militron_(Boss).html,is,Boss,in,Link__The_Faces_of_Evil.html
4670,Milk.html,is,Item,from,The_Legend_of_Zelda_series.html
4671,Milk.html,is,Item,in,The_Legend_of_Zelda__Twilight_Princess.html
4672,Milk_(1%2F2).html,is,Item,in,../The_Legend_of_Zelda__Twilight_Princess.html
4673,Milk_Bar.html,is,Location,in,The_Legend_of_Zelda_series.html
4674,Milk_Bar.html,is,Location,in,The_Legend_of_Zelda_(Series).html
4675,Milk_Bar_Owner.html,is,Character,in,The_Legend_of_Zelda__A_Link_Between_Worlds.html
4676,Milk_Road.html,is,Location,from,The_Legend_of_Zelda__Majora%27s_Mask.html
4677,Millennio_Sandbar.html,is,Location,from,The_Legend_of_Zelda__Breath_of_the_Wild.html
4678,Millionaire_Doll.html,is,Item,from,Freshly-Picked_Tingle%27s_Rosy_Rupeeland.html
4679,Mils.html,is,Character,in,The_Legend_of_Zelda__Breath_of_the_Wild.html
4680,Mimi.html,is,Character,in,The_Legend_of_Zelda_(Series).html
4681,Mimo.html,is,Character,from,The_Legend_of_Zelda__Breath_of_the_Wild.html
4682,Mimo.html,is,Character,in,The_Legend_of_Zelda__Breath_of_the_Wild.html
4683,Mimos.html,is,Character,from,The_Legend_of_Zelda__Breath_of_the_Wild.html
4684,Mina.html,is,Character,from,The_Legend_of_Zelda__Breath_of_the_Wild.html
4685,Mine_Cart.html,is,Object,in,The_Legend_of_Zelda_(Series).html
4686,Minecart.html,is,Object,in,The_Legend_of_Zelda_(Series).html
4687,Minenco.html,is,Character,from,The_Legend_of_Zelda__The_Wind_Waker.html
4688,Miner's_House.html,is,Location,in,The_Legend_of_Zelda__A_Link_Between_Worlds.html
4689,Mini-Moldorm.html,are,Enemy,in,The_Legend_of_Zelda_series.html
4690,Mini-Moldorm.html,are,Enemy,in,The_Legend_of_Zelda__Four_Swords_Adventures.html
4691,Mini-game_Operator.html,is,Character,in,The_Legend_of_Zelda_series.html
4692,Mini_Cyclone.html,is,Object,in,The_Legend_of_Zelda__Phantom_Hourglass.html
4693,Mini_Death_Bug_Chrysalis.html,is,Item,from,Freshly-Picked_Tingle%27s_Rosy_Rupeeland.html
4694,Mini_Freezard.html,are,Enemy,in,The_Legend_of_Zelda_(Series).html
4695,Mini_Freezards.html,are,Enemy,in,The_Legend_of_Zelda_(Series).html
4696,Mini_Moldorm.html,are,Enemy,in,The_Legend_of_Zelda__Four_Swords_Adventures.html
4697,Miniblin.html,are,Enemy,in,The_Legend_of_Zelda_series.html
4698,Miniblin.html,are,Enemy,in,The_Legend_of_Zelda_(Series).html
4699,Miniblins.html,are,Enemy,in,The_Legend_of_Zelda_(Series).html
4700,Minish_Door.html,is,Object,from,The_Legend_of_Zelda__The_Minish_Cap.html
4701,Minish_Portal.html,are,Object,in,The_Legend_of_Zelda__The_Minish_Cap.html
4702,Minish_Portals.html,are,Object,in,The_Legend_of_Zelda__The_Minish_Cap.html
4703,Minish_Realm.html,is,Location,in,The_Legend_of_Zelda__The_Minish_Cap.html
4704,Minish_Village.html,is,Location,from,The_Legend_of_Zelda__The_Minish_Cap.html
4705,Minish_Village.html,is,Location,in,Minish.html
4706,Minish_Woods.html,is,Location,from,The_Legend_of_Zelda__The_Minish_Cap.html
4707,Minish_World.html,is,Location,from,The_Legend_of_Zelda__The_Minish_Cap.html
4708,Minister_Potho.html,is,Character,from,The_Legend_of_Zelda__The_Minish_Cap.html
4709,Minshi_Woods.html,are,Location,in,The_Legend_of_Zelda__Breath_of_the_Wild.html
4710,Minshi_Woods.html,is,Location,in,The_Legend_of_Zelda__Breath_of_the_Wild.html
4711,Minuet_of_Forest.html,is,Song,from,The_Legend_of_Zelda__Ocarina_of_Time.html
4712,Mipha's_Diary.html,is,Item,from,The_Legend_of_Zelda__Breath_of_the_Wild.html
4713,Mipha's_Grace.html,is,Item,from,The_Legend_of_Zelda__Breath_of_the_Wild.html
4714,Mipha.html,is,Character,in,Princess_Zelda.html#The_Legend_of_Zelda:_Breath_of_the_Wild
4715,Mirro_Shaz.html,is,Character,from,The_Legend_of_Zelda__Breath_of_the_Wild.html
4716,Mirro_Shaz_Shrine.html,is,Shrine,from,The_Legend_of_Zelda__Breath_of_the_Wild.html
4717,Mirro_Shaz_Shrine.html,is,Shrine,in,The_Legend_of_Zelda__Breath_of_the_Wild.html
4718,Mirror_(Item).html,is,Item,in,The_Legend_of_Zelda_(Series).html
4719,Mirror_(The_Adventure_of_Link).html,is,Item,from,Zelda_II__The_Adventure_of_Link.html
4720,Mirror_Chamber.html,is,Location,of,Mirror_of_Twilight.html
4721,Mirror_Chamber.html,is,Location,in,Arbiter%27s_Grounds_(Twilight_Princess).html
4722,Mirror_Shield.html,is,Shield,in,The_Legend_of_Zelda_series.html
4723,Mirror_Shield.html,is,Shield,in,The_Legend_of_Zelda_(Series).html
4724,Mirror_Shield_I.html,are,Object,in,Hyrule_Warriors_Legends.html
4725,Mirror_Shield_II.html,are,Object,in,Hyrule_Warriors_Legends.html
4726,Mirror_Shield_III.html,are,Object,in,Hyrule_Warriors_Legends.html
4727,Mirror_of_Shadows.html,is,Item,in,The_Legend_of_Zelda_(Series).html
4728,Mirror_of_Silence.html,is,Item,in,The_Legend_of_Zelda_(Series).html
4729,Mirror_of_Twilight_+.html,is,Item,in,The_Legend_of_Zelda_(Series).html
4730,Misa's_Recipe_Book.html,is,Item,from,The_Legend_of_Zelda__Breath_of_the_Wild.html
4731,Misa.html,is,Character,from,The_Legend_of_Zelda__Breath_of_the_Wild.html
4732,Misae_Suma.html,is,Character,from,The_Legend_of_Zelda__Breath_of_the_Wild.html
4733,Misery_Mire_(A_Link_Between_Worlds).html,is,Location,from,The_Legend_of_Zelda__A_Link_Between_Worlds.html
4734,Misery_Mire_(A_Link_Between_Worlds).html,is,Location,in,The_Legend_of_Zelda__A_Link_Between_Worlds.html
4735,Misery_Mire_(A_Link_to_the_Past).html,is,Dungeon,in,Dark_World_(A_Link_to_the_Past).html
4736,Misha.html,are,Character,in,The_Legend_of_Zelda__Twilight_Princess.html
4737,Misko's_EX_Journal.html,is,Item,from,The_Legend_of_Zelda__Breath_of_the_Wild.html
4738,Misko's_EX_Journal_2.html,is,Item,from,The_Legend_of_Zelda__Breath_of_the_Wild.html
4739,"Misko,_the_Great_Bandit.html",is,Quest,from,The_Legend_of_Zelda__Breath_of_the_Wild.html
4740,Misko.html,is,Character,from,The_Legend_of_Zelda__Breath_of_the_Wild.html
4741,Miss_Goat.html,is,Character,in,The_Legend_of_Zelda__Link%27s_Awakening.html
4742,Miss_Marie.html,is,Character,in,The_Legend_of_Zelda__The_Wind_Waker.html
4743,Miss_Tetra.html,is,Character,in,The_Legend_of_Zelda_(Series).html
4744,Missy_(Freshly-Picked_Tingle's_Rosy_Rupeeland).html,is,Character,from,Freshly-Picked_Tingle%27s_Rosy_Rupeeland.html
4745,Missy_(The_Wind_Waker).html,is,Character,from,The_Legend_of_Zelda__The_Wind_Waker.html
4746,Mizumi.html,is,Character,in,The_Legend_of_Zelda_(Series).html
4747,Mo'a_Keet.html,is,Character,from,The_Legend_of_Zelda__Breath_of_the_Wild.html
4748,Mo'a_Keet_Shrine.html,is,Shrine,from,The_Legend_of_Zelda__Breath_of_the_Wild.html
4749,Moa.html,are,Enemy,from,Zelda_II__The_Adventure_of_Link.html
4750,Moat_Bridge.html,is,Location,from,The_Legend_of_Zelda__Breath_of_the_Wild.html
4751,Moblin's_Keep.html,is,Dungeon,in,The_Legend_of_Zelda__Oracle_of_Seasons.html
4752,Moblin's_Letter.html,is,Item,from,The_Legend_of_Zelda__The_Wind_Waker.html
4753,Moblin.html,are,Enemy,in,The_Legend_of_Zelda_series.html
4754,Moblin.html,are,Enemy,in,The_Legend_of_Zelda__A_Link_to_the_Past.html
4755,Moblin_Arm.html,is,Item,in,The_Legend_of_Zelda__Breath_of_the_Wild.html
4756,Moblin_Cave.html,is,Dungeon,in,The_Legend_of_Zelda__Link%27s_Awakening.html
4757,Moblin_Club.html,are,Item,from,The_Legend_of_Zelda__Breath_of_the_Wild.html
4758,Moblin_Guts.html,are,Item,in,The_Legend_of_Zelda__Breath_of_the_Wild.html
4759,Moblin_Horn.html,are,Item,in,The_Legend_of_Zelda__Breath_of_the_Wild.html
4760,Moblin_Horn.html,are,Item,in,The_Legend_of_Zelda__Breath_of_the_Wild.html
4761,Moblin_Keep.html,is,Dungeon,in,The_Legend_of_Zelda__Oracle_of_Seasons.html
4762,Moblin_Mask.html,is,Item,from,The_Legend_of_Zelda__Breath_of_the_Wild.html
4763,Moblin_Mask.html,is,Item,in,The_Legend_of_Zelda__Breath_of_the_Wild.html
4764,Moblin_Ring.html,are,Item,in,The_Legend_of_Zelda__Oracle_of_Ages.html
4765,Moblin_Spear.html,is,Item,from,The_Legend_of_Zelda__Breath_of_the_Wild.html
4766,Moblin_Spearthrower.html,are,Enemy,in,The_Legend_of_Zelda_(Series).html
4767,Moblin_Statue.html,are,Enemy,from,The_Legend_of_Zelda__The_Wind_Waker.html
4768,Moblins.html,are,Enemy,in,The_Legend_of_Zelda_series.html
4769,Moblins.html,are,Enemy,in,The_Legend_of_Zelda__A_Link_to_the_Past.html
4770,Moby.html,are,Enemy,from,Zelda_II__The_Adventure_of_Link.html
4771,Moby.html,are,Enemy,in,Zelda_II__The_Adventure_of_Link.html
4772,Modar.html,is,Character,in,The_Legend_of_Zelda__Breath_of_the_Wild.html
4773,Moe.html,is,Character,from,The_Legend_of_Zelda__The_Wind_Waker.html
4774,Mogg_Latan.html,is,Character,from,The_Legend_of_Zelda__Breath_of_the_Wild.html
4775,Mogg_Latan_Shrine.html,is,Shrine,from,The_Legend_of_Zelda__Breath_of_the_Wild.html
4776,Moggs.html,is,Character,from,The_Legend_of_Zelda__Breath_of_the_Wild.html
4777,Mogma_Gloves.html,are,Item,in,The_Legend_of_Zelda__Skyward_Sword.html
4778,Mogma_Mitts.html,are,Item,from,The_Legend_of_Zelda__Skyward_Sword.html
4779,Mogma_Mitts.html,are,Item,in,The_Legend_of_Zelda__Skyward_Sword.html
4780,Molblin.html,are,Enemy,in,The_Legend_of_Zelda__A_Link_to_the_Past.html
4781,Moldarach.html,is,Boss,of,Lanayru_Mining_Facility.html
4782,Moldarach.html,is,Boss,in,The_Legend_of_Zelda__Skyward_Sword.html
4783,Moldola.html,are,Enemy,from,The_Legend_of_Zelda__Spirit_Tracks.html
4784,Moldorm.html,are,Enemy,in,The_Legend_of_Zelda_series.html
4785,Moldorm.html,are,Enemy,in,The_Legend_of_Zelda__Four_Swords_Adventures.html
4786,Moldorm_(A_Link_Between_Worlds).html,is,Boss,of,Tower_of_Hera_(A_Link_Between_Worlds).html
4787,Moldorm_(A_Link_to_the_Past).html,is,Boss,of,Tower_of_Hera_(A_Link_to_the_Past).html
4788,Moldorm_(Boss).html,is,Boss,in,The_Legend_of_Zelda_(Series).html
4789,Moldorm_(Link's_Awakening).html,is,Boss,of,Tail_Cave.html
4790,Moldorm_(Tri_Force_Heroes).html,is,Boss,from,The_Legend_of_Zelda__Tri_Force_Heroes.html
4791,Molduga.html,is,Boss,in,The_Legend_of_Zelda__Breath_of_the_Wild.html
4792,Molduga_Fin.html,is,Item,in,The_Legend_of_Zelda__Breath_of_the_Wild.html
4793,Molduga_Guts.html,are,Item,in,The_Legend_of_Zelda__Breath_of_the_Wild.html
4794,Moldworm.html,are,Enemy,from,The_Legend_of_Zelda__The_Minish_Cap.html
4795,Moldworm.html,are,Enemy,in,The_Legend_of_Zelda__The_Minish_Cap.html
4796,Moldy_Milk.html,is,Item,in,The_Legend_of_Zelda__Majora%27s_Mask_3D.html
4797,Mole_(Character).html,is,Character,in,BS_The_Legend_of_Zelda__Ancient_Stone_Tablets.html
4798,Mole_Mitts.html,are,Item,from,The_Legend_of_Zelda__The_Minish_Cap.html
4799,Mole_Mitts.html,are,Item,in,The_Legend_of_Zelda__The_Minish_Cap.html
4800,Molgera.html,is,Boss,of,Wind_Temple.html
4801,Molgera.html,is,Boss,of,Wind_Temple.html
4802,Molgera_Larva.html,is,Boss,of,Wind_Temple.html
4803,Molida's_Store.html,is,Shop,in,The_Legend_of_Zelda__Phantom_Hourglass.html
4804,Molida_Island_(Breath_of_the_Wild).html,is,Location,in,The_Legend_of_Zelda__Breath_of_the_Wild.html
4805,Molli.html,is,Character,in,The_Legend_of_Zelda__Breath_of_the_Wild.html
4806,Molluska.html,are,Enemy,in,Zelda%27s_Adventure.html
4807,Molo.html,is,Character,in,The_Legend_of_Zelda__Breath_of_the_Wild.html
4808,Molo.html,is,Character,in,The_Legend_of_Zelda__Breath_of_the_Wild.html
4809,Mon.html,is,Item,from,The_Legend_of_Zelda__Breath_of_the_Wild.html
4810,Monari.html,is,Character,from,The_Legend_of_Zelda__Breath_of_the_Wild.html
4811,Monk_Maz_Koshia.html,is,Character,in,The_Legend_of_Zelda__Breath_of_the_Wild.html
4812,Monk_Maz_Koshia.html,is,Boss,Ballad DLC for Breath of the,The_Legend_of_Zelda__Breath_of_the_Wild.html
4813,Monkton.html,is,Character,from,The_Legend_of_Zelda__Breath_of_the_Wild.html
4814,Monkton.html,is,Character,in,The_Legend_of_Zelda__Breath_of_the_Wild.html
4815,Monster_Bridle.html,is,Item,in,The_Legend_of_Zelda__Breath_of_the_Wild.html
4816,Monster_Cake.html,is,Item,from,The_Legend_of_Zelda__Breath_of_the_Wild.html
4817,Monster_Claw.html,are,Item,in,The_Legend_of_Zelda_(Series).html
4818,Monster_Curry.html,is,Item,from,The_Legend_of_Zelda__Breath_of_the_Wild.html
4819,Monster_Extract.html,is,Item,from,The_Legend_of_Zelda__Breath_of_the_Wild.html
4820,Monster_Forces.html,are,Group,in,Hyrule_Warriors.html
4821,Monster_Gut.html,are,Item,from,The_Legend_of_Zelda__Tri_Force_Heroes.html
4822,Monster_Guts.html,are,Item,from,The_Legend_of_Zelda__Tri_Force_Heroes.html
4823,Monster_Guts.html,is,Item,in,The_Legend_of_Zelda_(Series).html
4824,Monster_Horn.html,are,Item,in,The_Legend_of_Zelda_series.html
4825,Monster_Horn.html,is,Item,in,The_Legend_of_Zelda_(Series).html
4826,Monster_Lady.html,is,Character,from,The_Legend_of_Zelda__The_Minish_Cap.html
4827,Monster_Lady.html,is,Character,in,The_Legend_of_Zelda__The_Minish_Cap.html
4828,Monster_Rice_Balls.html,are,Item,from,The_Legend_of_Zelda__Breath_of_the_Wild.html
4829,Monster_Saddle.html,is,Item,in,The_Legend_of_Zelda__Breath_of_the_Wild.html
4830,Monster_Soup.html,is,Item,from,The_Legend_of_Zelda__Breath_of_the_Wild.html
4831,Monster_Stew.html,is,Item,from,The_Legend_of_Zelda__Breath_of_the_Wild.html
4832,Monster_Tail.html,are,Item,in,The_Legend_of_Zelda_(Series).html
4833,Monstrous_Helmaroc_King.html,is,Boss,in,The_Legend_of_Zelda_(Series).html
4834,Monument.html,are,Object,in,The_Legend_of_Zelda__Breath_of_the_Wild.html
4835,Monya_Toma.html,is,Character,from,The_Legend_of_Zelda__Breath_of_the_Wild.html
4836,Monya_Toma_Shrine.html,is,Shrine,from,The_Legend_of_Zelda__Breath_of_the_Wild.html
4837,Moo_Moo_Parasol.html,is,Item,from,Freshly-Picked_Tingle%27s_Rosy_Rupeeland.html
4838,Moon's_Mask.html,is,Item,in,The_Legend_of_Zelda__Majora%27s_Mask.html
4839,Moon's_and_Sun's_Masks.html,are,Mask,from,The_Legend_of_Zelda__Majora%27s_Mask.html
4840,Moon_Child.html,are,Character,in,The_Legend_of_Zelda__Majora%27s_Mask.html
4841,Moon_Children.html,are,Character,in,The_Legend_of_Zelda__Majora%27s_Mask.html
4842,Moon_Dungeons.html,are,Dungeon,from,The_Legend_of_Zelda__Majora%27s_Mask.html
4843,Moon_Gate.html,are,Object,from,The_Legend_of_Zelda__Four_Swords_Adventures.html
4844,Moon_Mask.html,is,Item,in,The_Legend_of_Zelda__Majora%27s_Mask.html
4845,Moon_Pearl.html,is,Item,in,The_Legend_of_Zelda_series.html
4846,Moon_Pearl.html,is,Item,in,The_Legend_of_Zelda_(Series).html
4847,Moon_and_Sun_Masks.html,are,Mask,from,The_Legend_of_Zelda__Majora%27s_Mask.html
4848,Moonlight_Merchant.html,is,Character,from,The_Legend_of_Zelda__Skyward_Sword.html
4849,Moonlight_Merchant.html,are,Object,in,The_Legend_of_Zelda_(Series).html
4850,Moonlight_Scimitar.html,is,Item,from,The_Legend_of_Zelda__Breath_of_the_Wild.html
4851,Moonlit_Grotto.html,is,Dungeon,in,The_Legend_of_Zelda__Oracle_of_Ages.html
4852,Moor_Garrison_Ruins.html,are,Location,from,The_Legend_of_Zelda__Breath_of_the_Wild.html
4853,Moosh's_Flute.html,is,Item,in,The_Legend_of_Zelda__Oracle_of_Ages.html
4854,Moosh.html,is,Character,in,Oracle_Series.html
4855,Morpha.html,is,Boss,of,Water_Temple.html
4856,Morpha.html,is,Boss,of,Water_Temple_(Ocarina_of_Time).html
4857,Morpheel.html,is,Boss,of,Lakebed_Temple.html
4858,Morpheel.html,is,Boss,of,Lakebed_Temple.html
4859,Morshu.html,is,Character,from,Link.html
4860,Morshu.html,is,Character,in,Link__The_Faces_of_Evil.html
4861,Morth.html,are,Enemy,from,The_Legend_of_Zelda__The_Wind_Waker.html
4862,Moruge_Forest.html,is,Location,by,The_Legend_of_Zelda_comics.html
4863,Moruge_Swamp.html,is,Location,from,Zelda_II__The_Adventure_of_Link.html
4864,Moss.html,is,Item,from,Freshly-Picked_Tingle%27s_Rosy_Rupeeland.html
4865,Moth.html,are,Enemy,from,The_Legend_of_Zelda__Majora%27s_Mask.html
4866,Moth.html,are,Enemy,in,The_Legend_of_Zelda_(Series).html
4867,Mother_&_Child_Isles.html,are,Location,from,The_Legend_of_Zelda__The_Wind_Waker.html
4868,Mother_Maiamai.html,is,Character,in,The_Legend_of_Zelda__A_Link_Between_Worlds.html
4869,Mother_Maiamai.html,is,Character,in,The_Legend_of_Zelda__A_Link_Between_Worlds.html
4870,Mother_and_Child_Island.html,are,Location,from,The_Legend_of_Zelda__The_Wind_Waker.html
4871,Mother_and_Child_Isles.html,are,Location,from,The_Legend_of_Zelda__The_Wind_Waker.html
4872,Mothula.html,is,Enemy,in,The_Legend_of_Zelda_series.html
4873,Mothula.html,is,Enemy,in,The_Legend_of_Zelda__A_Link_to_the_Past.html
4874,Mothula_(A_Link_to_the_Past).html,is,Boss,of,Skull_Woods_(A_Link_to_the_Past).html
4875,Mothula_(Oracle_of_Seasons).html,is,Boss,of,Poison_Moth%27s_Lair.html
4876,Mount_Agaat.html,is,Location,from,The_Legend_of_Zelda__Breath_of_the_Wild.html
4877,Mount_Agaat.html,is,Location,in,The_Legend_of_Zelda__Breath_of_the_Wild.html
4878,Mount_Crenel.html,is,Location,from,The_Legend_of_Zelda__The_Minish_Cap.html
4879,Mount_Daphnes.html,is,Location,in,The_Legend_of_Zelda__Breath_of_the_Wild.html
4880,Mount_Desma.html,is,Location,from,Freshly-Picked_Tingle%27s_Rosy_Rupeeland.html
4881,Mount_Drena.html,is,Location,from,The_Legend_of_Zelda__Breath_of_the_Wild.html
4882,Mount_Dunsel.html,is,Location,from,The_Legend_of_Zelda__Breath_of_the_Wild.html
4883,Mount_Faloraa.html,is,Location,from,The_Legend_of_Zelda__Breath_of_the_Wild.html
4884,Mount_Floria.html,is,Location,in,The_Legend_of_Zelda__Breath_of_the_Wild.html
4885,Mount_Granajh.html,is,Location,in,The_Legend_of_Zelda__Breath_of_the_Wild.html
4886,Mount_Granajh.html,is,Location,in,The_Legend_of_Zelda__Breath_of_the_Wild.html
4887,Mount_Gustaf.html,is,Location,from,The_Legend_of_Zelda__Breath_of_the_Wild.html
4888,Mount_Hebra.html,is,Location,in,The_Legend_of_Zelda_(Series).html
4889,Mount_Hylia.html,is,Location,in,The_Legend_of_Zelda__Breath_of_the_Wild.html
4890,Mount_Lanayru.html,is,Location,from,The_Legend_of_Zelda__Breath_of_the_Wild.html
4891,Mount_Nabooru.html,is,Location,in,The_Legend_of_Zelda__Breath_of_the_Wild.html
4892,Mount_Nabooru.html,is,Location,in,The_Legend_of_Zelda__Breath_of_the_Wild.html
4893,Mount_Rhoam.html,is,Location,from,The_Legend_of_Zelda__Breath_of_the_Wild.html
4894,Mount_Rozudo.html,is,Location,in,The_Legend_of_Zelda__Breath_of_the_Wild.html
4895,Mount_Tamaranch.html,is,Location,in,The_Legend_of_Zelda__Link%27s_Awakening.html
4896,Mount_Taran.html,is,Location,from,The_Legend_of_Zelda__Breath_of_the_Wild.html
4897,Mountain_Cave.html,is,Location,from,The_Legend_of_Zelda__A_Link_to_the_Past.html
4898,Mountain_Minish.html,are,Group,from,The_Legend_of_Zelda__The_Minish_Cap.html
4899,Mountain_Passage.html,is,Location,in,The_Legend_of_Zelda__Phantom_Hourglass.html
4900,Mountain_Path.html,is,Stage,of,Death_Mountain_Foothills.html
4901,Mountain_Smithy.html,is,Location,from,The_Legend_of_Zelda__Majora%27s_Mask.html
4902,Mountain_Smithy.html,is,Location,in,The_Legend_of_Zelda__Majora%27s_Mask.html
4903,Mountain_Tower.html,is,Dungeon,in,Ganon%27s_Tower_(A_Link_to_the_Past).html
4904,Mountain_Town_of_Darunia.html,is,Location,from,Zelda_II__The_Adventure_of_Link.html
4905,Mountain_Village.html,is,Location,from,The_Legend_of_Zelda__Majora%27s_Mask.html
4906,Mountain_Village.html,is,Location,in,The_Legend_of_Zelda__Majora%27s_Mask.html
4907,Mountain_of_Fire.html,is,Location,from,Fire_Sanctuary_(Spirit_Tracks).html
4908,Mounted_Archery_Camp.html,is,Location,in,The_Legend_of_Zelda__Breath_of_the_Wild.html
4909,Mounted_Miniblin.html,are,Enemy,in,The_Legend_of_Zelda_(Series).html
4910,Moving_House.html,is,Location,from,The_Legend_of_Zelda__Four_Swords_Adventures.html
4911,Moza.html,is,Character,from,The_Legend_of_Zelda__Breath_of_the_Wild.html
4912,Mozo_Shenno.html,is,Character,from,The_Legend_of_Zelda__Breath_of_the_Wild.html
4913,Mozo_Shenno_Shrine.html,is,Shrine,from,The_Legend_of_Zelda__Breath_of_the_Wild.html
4914,Mr-2.html,is,Character,from,The_Legend_of_Zelda__Majora%27s_Mask.html
4915,Mr-3.html,is,Character,from,The_Legend_of_Zelda__Skyward_Sword.html
4916,Mr-3.html,is,Character,in,The_Legend_of_Zelda__Tri_Force_Heroes.html
4917,Mr-4.html,is,Character,from,Freshly-Picked_Tingle%27s_Rosy_Rupeeland.html
4918,Mr-4.html,is,Character,in,The_Legend_of_Zelda__Majora%27s_Mask.html
4919,Mr-5.html,is,Character,in,The_Legend_of_Zelda__Tri_Force_Heroes.html
4920,Mr.html,is,Character,in,The_Legend_of_Zelda_series.html
4921,Mr.html,is,Character,in,The_Legend_of_Zelda__Link%27s_Awakening.html
4922,Mrs-2.html,is,Character,in,The_Legend_of_Zelda__Oracle_of_Seasons.html
4923,Mrs-3.html,is,Location,in,The_Legend_of_Zelda__The_Wind_Waker.html
4924,Mrs-4.html,is,Location,from,The_Legend_of_Zelda__The_Wind_Waker.html
4925,Mrs.html,is,Character,from,The_Legend_of_Zelda__The_Wind_Waker.html
4926,Mrs.html,is,Character,in,The_Legend_of_Zelda__The_Wind_Waker.html
4927,Mt-4.html,is,Location,from,The_Legend_of_Zelda__The_Minish_Cap.html
4928,Mt-4.html,is,Item,in,The_Legend_of_Zelda_(Series).html
4929,Mt-5.html,is,Item,from,The_Legend_of_Zelda__The_Minish_Cap.html
4930,Mt.html,is,Location,from,The_Legend_of_Zelda__Link%27s_Awakening.html
4931,Mt.html,is,Location,in,The_Legend_of_Zelda__Link%27s_Awakening.html
4932,Muava.html,is,Character,in,The_Legend_of_Zelda__Breath_of_the_Wild.html
4933,Muava.html,is,Character,in,The_Legend_of_Zelda__Breath_of_the_Wild.html
4934,Mubs.html,is,Character,from,The_Legend_of_Zelda__Breath_of_the_Wild.html
4935,Mulldozer.html,are,Enemy,from,The_Legend_of_Zelda__The_Minish_Cap.html
4936,Mushroom.html,are,Item,in,The_Legend_of_Zelda_(Series).html
4937,Mushroom_(A_Link_to_the_Past).html,is,Item,from,The_Legend_of_Zelda__A_Link_to_the_Past.html
4938,Mushroom_Omelet.html,is,Item,from,The_Legend_of_Zelda__Breath_of_the_Wild.html
4939,Mushroom_Rice_Balls.html,are,Item,from,The_Legend_of_Zelda__Breath_of_the_Wild.html
4940,Mushroom_Risotto.html,is,Item,from,The_Legend_of_Zelda__Breath_of_the_Wild.html
4941,Mushroom_Skewer.html,is,Item,in,The_Legend_of_Zelda__Breath_of_the_Wild.html
4942,Mushroom_Spore.html,are,Item,in,The_Legend_of_Zelda__Skyward_Sword.html
4943,Mushroom_Spores.html,are,Item,from,The_Legend_of_Zelda__Skyward_Sword.html
4944,Mushroom_Spores.html,are,Item,in,The_Legend_of_Zelda__Skyward_Sword.html
4945,Music_Box_House.html,is,Location,from,The_Legend_of_Zelda__Majora%27s_Mask.html
4946,Mutoh's_Apprentice.html,is,Character,from,The_Legend_of_Zelda__Majora%27s_Mask.html
4947,Mutoh's_Apprentice.html,is,Character,from,The_Legend_of_Zelda__Majora%27s_Mask.html
4948,Mutoh's_Temple.html,is,Dungeon,from,The_Legend_of_Zelda__Phantom_Hourglass.html
4949,Mutoh's_Temple.html,is,Dungeon,in,The_Legend_of_Zelda__Phantom_Hourglass.html
4950,Mutoh.html,is,Character,in,The_Legend_of_Zelda_series.html
4951,Mutoh.html,is,Character,in,The_Legend_of_Zelda_(Series).html
4952,Muwo_Jeem.html,is,Character,from,The_Legend_of_Zelda__Breath_of_the_Wild.html
4953,Muwo_Jeem_Shrine.html,is,Shrine,from,The_Legend_of_Zelda__Breath_of_the_Wild.html
4954,Muzu.html,is,Character,from,The_Legend_of_Zelda__Breath_of_the_Wild.html
4955,Muzu.html,is,Character,in,The_Legend_of_Zelda__Breath_of_the_Wild.html
4956,My_Hero.html,is,Quest,in,The_Legend_of_Zelda__Breath_of_the_Wild.html
4957,Myahm_Agana.html,is,Character,from,The_Legend_of_Zelda__Breath_of_the_Wild.html
4958,Myahm_Agana_Shrine.html,is,Shrine,from,The_Legend_of_Zelda__Breath_of_the_Wild.html
4959,Myra.html,is,Character,in,Zelda__The_Wand_of_Gamelon.html
4960,Mystathi's_Shelf.html,is,Location,in,The_Legend_of_Zelda__Breath_of_the_Wild.html
4961,Mystathi's_Shelf.html,is,Location,in,The_Legend_of_Zelda__Breath_of_the_Wild.html
4962,Mysterious_Clouds.html,are,Object,from,The_Legend_of_Zelda__The_Minish_Cap.html
4963,Mysterious_Crystals.html,are,Item,from,The_Legend_of_Zelda__Skyward_Sword.html
4964,Mysterious_Crystals.html,are,Item,in,The_Legend_of_Zelda__Skyward_Sword.html
4965,Mysterious_Man.html,is,Character,from,The_Legend_of_Zelda__A_Link_Between_Worlds.html
4966,Mysterious_Man.html,is,Character,in,The_Legend_of_Zelda__A_Link_Between_Worlds.html
4967,Mysterious_Pond.html,are,Location,in,Link.html
4968,Mysterious_Shell.html,are,Item,from,The_Legend_of_Zelda__The_Minish_Cap.html
4969,Mysterious_Shell.html,are,Item,in,The_Legend_of_Zelda__The_Minish_Cap.html
4970,Mysterious_Shells.html,are,Item,in,The_Legend_of_Zelda__The_Minish_Cap.html
4971,Mysterious_Statues.html,are,Object,from,The_Legend_of_Zelda__The_Minish_Cap.html
4972,Mysterious_Walls.html,are,Object,from,The_Legend_of_Zelda__The_Minish_Cap.html
4973,Mysterious_Woods.html,is,Location,from,The_Legend_of_Zelda__Link%27s_Awakening.html
4974,Mystery_Island.html,is,Location,in,Zelda%27s_Adventure.html
4975,Mystery_Milk.html,is,Item,from,The_Legend_of_Zelda__Majora%27s_Mask.html
4976,Mystery_Milk.html,is,Item,in,The_Legend_of_Zelda__Majora%27s_Mask_3D.html
4977,Mystic_Jade.html,are,Item,from,The_Legend_of_Zelda__Spirit_Tracks.html
4978,Mystic_Jade.html,are,Item,in,The_Legend_of_Zelda_(Series).html
4979,Myu.html,are,Enemy,from,Zelda_II__The_Adventure_of_Link.html
4980,N.html,is,Location,in,The_Legend_of_Zelda__Breath_of_the_Wild.html
4981,Nabi_Lake.html,is,Location,from,The_Legend_of_Zelda__Breath_of_the_Wild.html
4982,Nabi_Lake.html,is,Location,in,The_Legend_of_Zelda__Breath_of_the_Wild.html
4983,Nabooru's_Second-in-Command.html,is,Character,in,The_Legend_of_Zelda__Majora%27s_Mask.html
4984,Naboris'_Emblem.html,is,Item,from,The_Legend_of_Zelda__Ocarina_of_Time.html
4985,Nack.html,is,Character,in,The_Legend_of_Zelda__Breath_of_the_Wild.html
4986,Nack.html,is,Character,in,The_Legend_of_Zelda__Breath_of_the_Wild.html
4987,Nackle.html,is,Character,from,The_Legend_of_Zelda__Skyward_Sword.html
4988,Nackle.html,is,Character,in,The_Legend_of_Zelda__Skyward_Sword.html
4989,Naddon.html,is,Character,in,The_Legend_of_Zelda__Breath_of_the_Wild.html
4990,Nakura.html,is,Character,from,The_Legend_of_Zelda__Link%27s_Awakening.html
4991,Nakura.html,is,Character,in,The_Legend_of_Zelda__Link%27s_Awakening.html
4992,Nali.html,is,Character,in,The_Legend_of_Zelda__Breath_of_the_Wild.html
4993,Nali.html,is,Character,in,The_Legend_of_Zelda__Breath_of_the_Wild.html
4994,Namali.html,is,Character,from,The_Legend_of_Zelda__The_Wind_Waker.html
4995,Namali.html,is,Character,in,The_Legend_of_Zelda__The_Wind_Waker.html
4996,Namika_Ozz.html,is,Character,from,The_Legend_of_Zelda__Breath_of_the_Wild.html
4997,Namika_Ozz_Shrine.html,is,Shrine,from,The_Legend_of_Zelda__Breath_of_the_Wild.html
4998,Nanna.html,is,Character,from,The_Legend_of_Zelda__Breath_of_the_Wild.html
4999,Narah.html,is,Character,from,The_Legend_of_Zelda__Breath_of_the_Wild.html
5000,Nasty_Soup.html,are,Item,in,The_Legend_of_Zelda__Twilight_Princess.html
5001,Nat.html,is,Character,in,The_Legend_of_Zelda__Breath_of_the_Wild.html
5002,Natie.html,is,Character,from,The_Legend_of_Zelda__Breath_of_the_Wild.html
5003,Natie.html,is,Character,in,The_Legend_of_Zelda__Breath_of_the_Wild.html
5004,Natzu_Prairie.html,is,Location,in,The_Legend_of_Zelda__Oracle_of_Seasons.html
5005,Natzu_River.html,is,Location,in,The_Legend_of_Zelda__Oracle_of_Seasons.html
5006,Natzu_Wasteland.html,is,Location,in,The_Legend_of_Zelda__Oracle_of_Seasons.html
5007,Nautelle_Wetlands.html,are,Location,in,The_Legend_of_Zelda__Breath_of_the_Wild.html
5008,Nautelle_Wetlands.html,are,Location,in,The_Legend_of_Zelda__Breath_of_the_Wild.html
5009,Navi.html,is,Character,from,The_Legend_of_Zelda__Ocarina_of_Time.html
5010,Navi.html,is,Character,in,The_Legend_of_Zelda__Ocarina_of_Time.html
5011,Navy_Dye.html,are,Object,in,The_Legend_of_Zelda__Breath_of_the_Wild.html
5012,Naydra's_Claw.html,is,Item,from,The_Legend_of_Zelda__Breath_of_the_Wild.html
5013,Naydra's_Fang.html,is,Item,from,The_Legend_of_Zelda__Breath_of_the_Wild.html
5014,Naydra's_Horn.html,is,Item,from,The_Legend_of_Zelda__Breath_of_the_Wild.html
5015,Naydra's_Scale.html,is,Item,from,The_Legend_of_Zelda__Breath_of_the_Wild.html
5016,Naydra.html,is,Character,from,The_Legend_of_Zelda__Breath_of_the_Wild.html
5017,Naydra_Snowfield.html,is,Location,in,The_Legend_of_Zelda__Breath_of_the_Wild.html
5018,Nayru's_Charm.html,is,Item,from,The_Legend_of_Zelda__The_Minish_Cap.html
5019,Nayru's_Flame.html,are,Item,from,Hyrule.html#The_Legend_of_Zelda:_Skyward_Sword
5020,Nayru's_Love.html,is,Item,from,The_Legend_of_Zelda__Ocarina_of_Time.html
5021,Nayru's_Love_I.html,are,Object,in,Hyrule_Warriors_Legends.html
5022,Nayru's_Love_II.html,are,Object,in,Hyrule_Warriors_Legends.html
5023,Nayru's_Love_III.html,are,Object,in,Hyrule_Warriors_Legends.html
5024,Nayru's_Pearl.html,are,Item,from,The_Legend_of_Zelda__The_Wind_Waker.html
5025,Nayru's_Wisdom.html,is,Song,from,The_Legend_of_Zelda__Skyward_Sword.html
5026,"Nayru,_the_Oracle_of_Ages.html",is,Character,in,The_Legend_of_Zelda_(Series).html
5027,Nayru_(Oracle).html,is,Character,in,The_Legend_of_Zelda_(Series).html
5028,Nayru_(goddess).html,is,Character,in,The_Legend_of_Zelda_series.html
5029,Nayru_(oracle).html,is,Character,in,The_Legend_of_Zelda_series.html
5030,Nazbi.html,is,Character,in,The_Legend_of_Zelda__Breath_of_the_Wild.html
5031,Ne'ez_Yohma.html,is,Character,from,The_Legend_of_Zelda__Breath_of_the_Wild.html
5032,Ne'ez_Yohma_Shrine.html,is,Shrine,from,The_Legend_of_Zelda__Breath_of_the_Wild.html
5033,Near_the_Fields.html,is,Location,from,The_Legend_of_Zelda__Four_Swords_Adventures.html
5034,Nebb.html,is,Character,in,The_Legend_of_Zelda__Breath_of_the_Wild.html
5035,Necklace.html,is,Item,from,The_Legend_of_Zelda__Link%27s_Awakening.html
5036,Necklace.html,is,Item,in,The_Legend_of_Zelda_(Series).html
5037,Necluda.html,is,Location,in,The_Legend_of_Zelda__Breath_of_the_Wild.html
5038,Necluda_Sea.html,is,Location,in,The_Legend_of_Zelda__Breath_of_the_Wild.html
5039,Needle_Rock_Isle.html,is,Location,from,The_Legend_of_Zelda__The_Wind_Waker.html
5040,Nejiron.html,are,Enemy,from,The_Legend_of_Zelda__Majora%27s_Mask.html
5041,Nejiron.html,are,Enemy,in,The_Legend_of_Zelda__Majora%27s_Mask.html
5042,Nekk.html,is,Character,from,The_Legend_of_Zelda__Breath_of_the_Wild.html
5043,Nekk.html,is,Character,in,The_Legend_of_Zelda__Breath_of_the_Wild.html
5044,Nell.html,is,Character,from,The_Legend_of_Zelda__Breath_of_the_Wild.html
5045,Nell.html,is,Character,in,The_Legend_of_Zelda__Breath_of_the_Wild.html
5046,Nellie.html,is,Character,in,The_Legend_of_Zelda__Breath_of_the_Wild.html
5047,Nellie.html,is,Character,in,The_Legend_of_Zelda__Breath_of_the_Wild.html
5048,Nelly.html,is,Character,in,The_Legend_of_Zelda__Phantom_Hourglass.html
5049,Nephra_Hill.html,is,Location,in,The_Legend_of_Zelda__Breath_of_the_Wild.html
5050,Nephra_Hill.html,is,Location,in,The_Legend_of_Zelda__Breath_of_the_Wild.html
5051,Neri.html,is,Character,from,The_Legend_of_Zelda__Phantom_Hourglass.html
5052,Neri.html,is,Character,in,The_Legend_of_Zelda__Phantom_Hourglass.html
5053,Nero_Hill.html,is,Location,in,The_Legend_of_Zelda__Breath_of_the_Wild.html
5054,Net.html,is,Item,in,The_Legend_of_Zelda_(Series).html
5055,Nette_Plateau.html,is,Location,in,The_Legend_of_Zelda__Breath_of_the_Wild.html
5056,New_Wave_Bossa_Nova.html,is,Song,of,The_Legend_of_Zelda__Majora%27s_Mask.html
5057,Nice_Bomb.html,are,Item,in,The_Legend_of_Zelda__A_Link_Between_Worlds.html
5058,Nice_Bombs.html,are,Item,from,The_Legend_of_Zelda__A_Link_Between_Worlds.html
5059,Nice_Bombs.html,are,Item,in,The_Legend_of_Zelda_(Series).html
5060,Nice_Boomerang.html,is,Item,from,The_Legend_of_Zelda__A_Link_Between_Worlds.html
5061,Nice_Boomerang.html,is,Item,in,The_Legend_of_Zelda__A_Link_Between_Worlds.html
5062,Nice_Bow.html,is,Item,from,The_Legend_of_Zelda__A_Link_Between_Worlds.html
5063,Nice_Bow.html,is,Item,throughout,The_Legend_of_Zelda__The_Wind_Waker.html
5064,Nice_Bow.html,is,Item,throughout,The_Legend_of_Zelda__The_Wind_Waker.html
5065,Nice_Fire_Gloves.html,are,Item,in,The_Legend_of_Zelda__Tri_Force_Heroes.html
5066,Nice_Fire_Rod.html,is,Item,from,The_Legend_of_Zelda__A_Link_Between_Worlds.html
5067,Nice_Gripshot.html,is,Item,in,The_Legend_of_Zelda__Tri_Force_Heroes.html
5068,Nice_Gust_Jar.html,is,Item,in,The_Legend_of_Zelda_(Series).html
5069,Nice_Hammer.html,is,Item,from,The_Legend_of_Zelda__A_Link_Between_Worlds.html
5070,Nice_Hammer.html,is,Item,in,The_Legend_of_Zelda_(Series).html
5071,Nice_Hammer_+.html,is,Item,from,The_Legend_of_Zelda__A_Link_Between_Worlds.html
5072,Nice_Hookshot.html,is,Item,from,The_Legend_of_Zelda__A_Link_Between_Worlds.html
5073,Nice_Hookshot.html,is,Item,in,The_Legend_of_Zelda__A_Link_to_the_Past.html
5074,Nice_Ice_Rod.html,is,Item,from,The_Legend_of_Zelda__A_Link_Between_Worlds.html
5075,Nice_Ice_Rod.html,is,Weapon,in,The_Legend_of_Zelda_(Series).html
5076,Nice_Sand_Rod.html,is,Item,from,The_Legend_of_Zelda__A_Link_Between_Worlds.html
5077,Nice_Sand_Rod.html,is,Item,in,The_Legend_of_Zelda_(Series).html
5078,Nice_Sand_Wand.html,is,Item,from,The_Legend_of_Zelda__A_Link_Between_Worlds.html
5079,Nice_Sand_Wand.html,is,Item,in,The_Legend_of_Zelda_(Series).html
5080,Nice_Sand_Wand_+.html,is,Item,from,The_Legend_of_Zelda__A_Link_Between_Worlds.html
5081,Nice_Sand_Wand_+.html,is,Item,in,The_Legend_of_Zelda_(Series).html
5082,Nice_Tornado_Rod.html,is,Item,from,The_Legend_of_Zelda__A_Link_Between_Worlds.html
5083,Nice_Water_Rod.html,is,Item,in,The_Legend_of_Zelda__Tri_Force_Heroes.html
5084,Nikki.html,is,Character,from,The_Legend_of_Zelda__Breath_of_the_Wild.html
5085,Niko.html,is,Character,in,The_Legend_of_Zelda_series.html
5086,Niko.html,is,Character,in,The_Legend_of_Zelda_(Series).html
5087,Nima_Plain.html,is,Location,from,The_Legend_of_Zelda__Breath_of_the_Wild.html
5088,Nintendo_Gallery.html,is,Location,from,The_Legend_of_Zelda__The_Wind_Waker.html
5089,Nintendo_Gallery.html,is,Location,in,Figurines_in_The_Wind_Waker.html
5090,Nintendo_Switch_Shirt.html,is,Item,from,The_Legend_of_Zelda__Breath_of_the_Wild.html
5091,Nintendo_Switch_Shirt.html,is,Item,in,The_Legend_of_Zelda__Breath_of_the_Wild.html
5092,Nirvata_Lake.html,is,Location,in,The_Legend_of_Zelda__Breath_of_the_Wild.html
5093,Nirvata_Plateau.html,is,Location,from,The_Legend_of_Zelda__Breath_of_the_Wild.html
5094,Nitendo.html,is,Location,from,The_Legend_of_Zelda__The_Minish_Cap.html
5095,Nitro_Bomb.html,are,Item,in,The_Legend_of_Zelda_(Series).html
5096,Nobiro.html,is,Character,from,The_Legend_of_Zelda__Breath_of_the_Wild.html
5097,Nobiro.html,is,Character,in,The_Legend_of_Zelda__Breath_of_the_Wild.html
5098,Nobo.html,is,Character,from,The_Legend_of_Zelda__Breath_of_the_Wild.html
5099,Nobodo.html,is,Character,from,The_Legend_of_Zelda__Phantom_Hourglass.html
5100,Nobodo.html,is,Character,in,The_Legend_of_Zelda__Phantom_Hourglass.html
5101,Nocturn.html,are,Enemy,from,The_Legend_of_Zelda__Spirit_Tracks.html
5102,Nocturne_of_Shadow.html,is,Song,from,The_Legend_of_Zelda__Ocarina_of_Time.html
5103,Nocturne_of_Shadow.html,is,Song,in,The_Legend_of_Zelda__Ocarina_of_Time.html
5104,Nocturne_of_Shadows.html,is,Song,in,The_Legend_of_Zelda__Ocarina_of_Time.html
5105,Noe_Raiee.html,is,Character,from,The_Legend_of_Zelda__Breath_of_the_Wild.html
5106,Noe_Raiee_Shrine.html,is,Shrine,from,The_Legend_of_Zelda__Breath_of_the_Wild.html
5107,Nokani_Forest.html,is,Location,in,Zelda__The_Wand_of_Gamelon.html
5108,Nokken.html,are,Enemy,from,The_Legend_of_Zelda__Four_Swords.html
5109,Nokken.html,are,Enemy,in,The_Legend_of_Zelda__Four_Swords.html
5110,Nokkun.html,are,Enemy,in,The_Legend_of_Zelda__Four_Swords.html
5111,Noko.html,is,Character,from,The_Legend_of_Zelda__Spirit_Tracks.html
5112,Normal_Anchor.html,is,Object,in,The_Legend_of_Zelda__Phantom_Hourglass.html
5113,Normal_Chimney.html,is,Object,in,The_Legend_of_Zelda__Phantom_Hourglass.html
5114,Normal_Wheel.html,is,Object,in,The_Legend_of_Zelda__Phantom_Hourglass.html
5115,North_Akkala_Beach.html,is,Location,in,The_Legend_of_Zelda__Breath_of_the_Wild.html
5116,North_Akkala_Foothill.html,is,Location,in,The_Legend_of_Zelda__Breath_of_the_Wild.html
5117,North_Akkala_Valley.html,is,Location,in,The_Legend_of_Zelda__Breath_of_the_Wild.html
5118,North_Aris_Beach.html,is,Location,from,The_Legend_of_Zelda__Breath_of_the_Wild.html
5119,North_Castle.html,is,Location,in,Zelda_II__The_Adventure_of_Link.html
5120,North_Clock_Town.html,is,Location,from,The_Legend_of_Zelda__Majora%27s_Mask.html
5121,North_Dragon's_Exile.html,is,Location,from,The_Legend_of_Zelda__Breath_of_the_Wild.html
5122,North_Dueling_Peaks.html,are,Location,from,The_Legend_of_Zelda__Breath_of_the_Wild.html
5123,North_Gubasha_Desert.html,is,Location,in,Zelda%27s_Adventure.html
5124,North_Horon.html,is,Location,in,The_Legend_of_Zelda__Oracle_of_Seasons.html
5125,North_Hyrule_Castle.html,is,Location,from,The_Legend_of_Zelda__Breath_of_the_Wild.html
5126,North_Hyrule_Plain.html,is,Location,from,The_Legend_of_Zelda__Breath_of_the_Wild.html
5127,North_Lomei_Labyrinth.html,is,Location,in,The_Legend_of_Zelda__Breath_of_the_Wild.html
5128,North_Mable_Ridge.html,is,Location,from,The_Legend_of_Zelda__Breath_of_the_Wild.html
5129,North_Palace.html,is,Location,in,Zelda_II__The_Adventure_of_Link.html
5130,Northeast_Lynna.html,is,Location,in,Labrynna.html
5131,Northern_Fairy_Island.html,is,Location,from,The_Legend_of_Zelda__The_Wind_Waker.html
5132,Northern_Icehouse.html,is,Location,from,The_Legend_of_Zelda__Breath_of_the_Wild.html
5133,Northern_Icehouse.html,is,Location,in,The_Legend_of_Zelda__Breath_of_the_Wild.html
5134,Northern_Peak.html,is,Location,in,The_Legend_of_Zelda__Oracle_of_Seasons.html
5135,Northern_Triangle_Isle.html,is,Location,from,The_Legend_of_Zelda__The_Wind_Waker.html
5136,Nortinka.html,is,Location,in,Link__The_Faces_of_Evil.html
5137,Note_to_Mom.html,is,Item,from,The_Legend_of_Zelda__The_Wind_Waker.html
5138,Note_to_Mom.html,is,Item,in,The_Legend_of_Zelda__The_Wind_Waker.html
5139,Notts.html,is,Character,from,The_Legend_of_Zelda__Breath_of_the_Wild.html
5140,Noya_Neha.html,is,Character,from,The_Legend_of_Zelda__Breath_of_the_Wild.html
5141,Noya_Neha_Shrine.html,is,Shrine,from,The_Legend_of_Zelda__Breath_of_the_Wild.html
5142,Nudge.html,is,Character,from,The_Legend_of_Zelda_series.html
5143,Nudge.html,is,Character,in,The_Legend_of_Zelda_(Series).html
5144,Numar.html,is,Character,from,The_Legend_of_Zelda__Breath_of_the_Wild.html
5145,Nuranuru.html,are,Enemy,in,The_Legend_of_Zelda_(Series).html
5146,Nutcake.html,is,Item,from,The_Legend_of_Zelda__Breath_of_the_Wild.html
5147,Nyave.html,is,Character,from,The_Legend_of_Zelda__Phantom_Hourglass.html
5148,Nyave.html,is,Character,in,The_Legend_of_Zelda__Phantom_Hourglass.html
5149,Nyeve.html,is,Character,in,The_Legend_of_Zelda__Phantom_Hourglass.html
5150,Oaki.html,is,Character,from,The_Legend_of_Zelda__Breath_of_the_Wild.html
5151,Oakin.html,is,Character,from,The_Legend_of_Zelda__The_Wind_Waker.html
5152,Oakin.html,is,Character,in,The_Legend_of_Zelda__The_Wind_Waker.html
5153,Oakle's_Navel.html,is,Location,in,The_Legend_of_Zelda__Breath_of_the_Wild.html
5154,Oath_to_Order.html,is,Song,from,The_Legend_of_Zelda__Majora%27s_Mask.html
5155,Obli.html,is,Character,from,The_Legend_of_Zelda__The_Wind_Waker.html
5156,Obli.html,is,Character,from,The_Legend_of_Zelda__The_Wind_Waker.html
5157,Observation_Room.html,is,Location,from,The_Legend_of_Zelda__Breath_of_the_Wild.html
5158,Observation_Room.html,is,Dungeon,of,The_Legend_of_Zelda__Breath_of_the_Wild.html
5159,Ocarina.html,are,Item,in,The_Legend_of_Zelda_(Series).html
5160,Ocarina_of_Time.html,is,Item,in,The_Legend_of_Zelda_series.html
5161,Ocarina_of_Time_(Item).html,is,Item,in,https://en.wikipedia.org/wiki/Ocarina#Types
5162,Ocarina_of_Time_(Object).html,is,Item,in,https://en.wikipedia.org/wiki/Ocarina#Types
5163,Ocarina_of_Wind.html,is,Item,in,The_Legend_of_Zelda__The_Minish_Cap.html
5164,Ocarina_of_Wind.html,is,Item,in,The_Legend_of_Zelda__The_Minish_Cap.html
5165,Ocean_Fishing_Hole.html,is,Location,in,The_Legend_of_Zelda_(Series).html
5166,Ocean_Floor.html,is,Location,from,The_Legend_of_Zelda__Spirit_Tracks.html
5167,Ocean_King.html,is,Character,from,The_Legend_of_Zelda__Phantom_Hourglass.html
5168,Ocean_Palace.html,is,Dungeon,in,Zelda_II__The_Adventure_of_Link.html
5169,Ocean_Palace.html,is,Dungeon,in,Link.html
5170,Ocean_Realm.html,is,Location,from,The_Legend_of_Zelda__Spirit_Tracks.html
5171,Ocean_Temple.html,is,Dungeon,in,The_Legend_of_Zelda__Spirit_Tracks.html
5172,Oceanside_Spider_House.html,is,Location,from,The_Legend_of_Zelda__Majora%27s_Mask.html
5173,Oceanside_Spider_House.html,is,Location,in,The_Legend_of_Zelda__Majora%27s_Mask.html
5174,Oceanside_Spider_House_Resident.html,is,Character,from,The_Legend_of_Zelda__Majora%27s_Mask.html
5175,Oceanside_Zoras.html,is,Location,in,The_Legend_of_Zelda__Majora%27s_Mask.html
5176,Octive.html,are,Enemy,from,The_Legend_of_Zelda__Spirit_Tracks.html
5177,Octive.html,are,Enemy,in,The_Legend_of_Zelda__Spirit_Tracks.html
5178,Octo.html,is,Character,from,The_Legend_of_Zelda__A_Link_Between_Worlds.html
5179,Octo.html,is,Character,from,The_Legend_of_Zelda__A_Link_Between_Worlds.html
5180,Octo_Balloon.html,is,Item,from,The_Legend_of_Zelda__Breath_of_the_Wild.html
5181,Octo_Ring.html,are,Item,in,The_Legend_of_Zelda__Oracle_of_Ages.html
5182,Octoballoon.html,are,Enemy,from,The_Legend_of_Zelda_series_re-releases.html
5183,Octogon.html,is,Boss,of,Mermaid%27s_Cave.html
5184,Octogon.html,is,Boss,of,The_Legend_of_Zelda__Oracle_of_Ages.html
5185,Octomine.html,are,Enemy,in,The_Legend_of_Zelda_series.html
5186,Octorok.html,are,Enemy,in,The_Legend_of_Zelda_series.html
5187,Octorok_(Rock).html,are,Enemy,in,The_Legend_of_Zelda_(Series).html
5188,Octorok_Eyeball.html,are,Item,from,The_Legend_of_Zelda__Breath_of_the_Wild.html
5189,Octorok_Tentacle.html,is,Item,in,The_Legend_of_Zelda__Tri_Force_Heroes.html
5190,Odd_Mushroom.html,is,Item,from,The_Legend_of_Zelda__Ocarina_of_Time.html
5191,Odd_Mushroom.html,are,Item,in,The_Legend_of_Zelda_(Series).html
5192,Odd_Potion.html,is,Item,from,The_Legend_of_Zelda__Ocarina_of_Time.html
5193,Odolwa's_Remains.html,are,Item,in,The_Legend_of_Zelda__Majora%27s_Mask.html
5194,Odolwa.html,is,Boss,of,Woodfall_Temple.html
5195,Odolwa.html,is,Boss,of,Woodfall.html
5196,Odranoel.html,is,Character,in,Link__The_Faces_of_Evil.html
5197,Official.html,is,Character,in,The_Legend_of_Zelda__A_Link_Between_Worlds.html
5198,Offrak.html,is,Character,from,The_Legend_of_Zelda__Breath_of_the_Wild.html
5199,Offrak.html,is,Character,in,The_Legend_of_Zelda__Breath_of_the_Wild.html
5200,Oink_Flowers.html,are,Item,from,Freshly-Picked_Tingle%27s_Rosy_Rupeeland.html
5201,Oinker.html,are,Enemy,from,Freshly-Picked_Tingle%27s_Rosy_Rupeeland.html
5202,Oinker_Boss.html,is,Boss,from,Freshly-Picked_Tingle%27s_Rosy_Rupeeland.html
5203,Ojī.html,is,Character,in,The_Legend_of_Zelda__Oracle_of_Seasons.html
5204,Old_Dominion_Rod.html,is,Item,in,The_Legend_of_Zelda_(Series).html
5205,Old_Gent.html,is,Character,from,Freshly-Picked_Tingle%27s_Rosy_Rupeeland.html
5206,Old_Kasuto.html,is,Location,in,Zelda_II__The_Adventure_of_Link.html
5207,Old_Lady_from_Bomb_Shop.html,is,Character,in,The_Legend_of_Zelda__Majora%27s_Mask.html
5208,Old_Man_(Oracle_of_Seasons).html,is,Character,in,The_Legend_of_Zelda__Oracle_of_Seasons.html
5209,Old_Shirt.html,is,Item,from,The_Legend_of_Zelda__Breath_of_the_Wild.html
5210,Old_Wayfarer's_Hideaways.html,are,Location,from,The_Legend_of_Zelda__Phantom_Hourglass.html
5211,Old_Wayfarer.html,is,Character,from,The_Legend_of_Zelda__Phantom_Hourglass.html
5212,Old_Wayfarer.html,is,Character,in,The_Legend_of_Zelda__Phantom_Hourglass.html
5213,Old_Woman.html,is,Character,in,The_Legend_of_Zelda_series.html
5214,Old_Zora.html,is,Character,in,The_Legend_of_Zelda__Oracle_of_Ages.html
5215,Oliff.html,is,Character,in,The_Legend_of_Zelda__Breath_of_the_Wild.html
5216,Olivio.html,is,Character,from,The_Legend_of_Zelda__The_Wind_Waker.html
5217,Olivio.html,is,Character,in,The_Legend_of_Zelda__The_Wind_Waker.html
5218,Olkin's_Pumpkins.html,is,Shop,from,The_Legend_of_Zelda__Breath_of_the_Wild.html
5219,Olkin.html,is,Character,from,The_Legend_of_Zelda__Breath_of_the_Wild.html
5220,Ollie.html,is,Character,in,The_Legend_of_Zelda__Breath_of_the_Wild.html
5221,Ollie.html,is,Character,in,The_Legend_of_Zelda__Breath_of_the_Wild.html
5222,Olu.html,is,Character,in,The_Legend_of_Zelda__Breath_of_the_Wild.html
5223,Olu.html,is,Character,in,The_Legend_of_Zelda__Breath_of_the_Wild.html
5224,Oman_Au.html,is,Character,from,The_Legend_of_Zelda__Breath_of_the_Wild.html
5225,Oman_Au_Shrine.html,is,Shrine,from,The_Legend_of_Zelda__Breath_of_the_Wild.html
5226,Omelet.html,is,Item,from,The_Legend_of_Zelda__Breath_of_the_Wild.html
5227,Omfak.html,is,Boss,in,Zelda__The_Wand_of_Gamelon.html
5228,Omuai.html,is,Boss,of,Poison_Moth%27s_Lair.html
5229,One-Hit_Obliterator.html,is,Item,from,The_Legend_of_Zelda__Breath_of_the_Wild.html
5230,One-Hit_Obliterator.html,is,Item,in,The_Legend_of_Zelda__Breath_of_the_Wild.html
5231,Onox's_Castle.html,is,Location,in,The_Legend_of_Zelda__Oracle_of_Seasons.html
5232,Onya.html,is,Character,in,The_Legend_of_Zelda__Breath_of_the_Wild.html
5233,Oocca_Pod_Shop.html,is,Location,in,The_Legend_of_Zelda__Twilight_Princess.html
5234,Oocca_Shop.html,is,Location,in,The_Legend_of_Zelda__Twilight_Princess.html
5235,Ook.html,is,Boss,of,Forest_Temple_(Twilight_Princess).html
5236,Oolo.html,is,Character,from,The_Legend_of_Zelda__Skyward_Sword.html
5237,Oolo.html,is,Character,in,The_Legend_of_Zelda__Skyward_Sword.html
5238,Opal.html,is,Item,in,The_Legend_of_Zelda__Breath_of_the_Wild.html
5239,Opal.html,are,Item,in,The_Legend_of_Zelda__Breath_of_the_Wild.html
5240,Opal_Earrings.html,are,Item,from,The_Legend_of_Zelda__Breath_of_the_Wild.html
5241,Opal_Earrings.html,are,Item,in,The_Legend_of_Zelda__Breath_of_the_Wild.html
5242,Oracle_House.html,are,Location,in,The_Legend_of_Zelda__The_Minish_Cap.html
5243,Oracle_of_Secrets.html,is,Character,in,The_Legend_of_Zelda_(Series).html
5244,Oracles.html,is,Group,in,The_Legend_of_Zelda_series.html
5245,Orange_Dye.html,are,Object,in,The_Legend_of_Zelda__Breath_of_the_Wild.html
5246,Orca.html,is,Character,from,The_Legend_of_Zelda__The_Wind_Waker.html
5247,Orca.html,is,Character,in,Swords_of_The_Wind_Waker.html#Hero.27s_Sword
5248,Ordon_Goat_Cheese.html,is,Item,in,The_Legend_of_Zelda__Twilight_Princess.html
5249,Ordon_Pumpkin.html,are,Object,from,The_Legend_of_Zelda__Twilight_Princess.html
5250,Ordon_Ranch.html,is,Location,in,The_Legend_of_Zelda__Twilight_Princess.html
5251,Ordon_Shield.html,is,Item,in,The_Legend_of_Zelda_series.html
5252,Ordon_Shield.html,is,Item,in,The_Legend_of_Zelda_series.html
5253,Ordon_Shield.html,is,Shield,in,The_Legend_of_Zelda__Twilight_Princess.html
5254,Ordon_Spring.html,is,Location,in,The_Legend_of_Zelda__Twilight_Princess.html
5255,Ordon_Sword.html,is,Sword,in,The_Legend_of_Zelda__Twilight_Princess.html
5256,Ordon_Village.html,is,Location,in,The_Legend_of_Zelda__Twilight_Princess.html
5257,Ordon_Woods.html,is,Location,in,The_Legend_of_Zelda__Twilight_Princess.html
5258,Ordorac_Quarry.html,is,Location,in,The_Legend_of_Zelda__Breath_of_the_Wild.html
5259,Ore.html,are,Item,in,The_Legend_of_Zelda__Oracle_of_Seasons.html
5260,Ore_Chunk.html,are,Item,in,The_Legend_of_Zelda__Oracle_of_Seasons.html
5261,Ore_Chunks.html,are,Item,in,The_Legend_of_Zelda__Oracle_of_Seasons.html
5262,Ore_and_More.html,is,Shop,in,The_Legend_of_Zelda__Breath_of_the_Wild.html
5263,Ore_and_More.html,is,Shop,in,The_Legend_of_Zelda__Breath_of_the_Wild.html
5264,Oren.html,is,Character,from,The_Legend_of_Zelda__A_Link_Between_Worlds.html
5265,Oren_Bridge.html,is,Location,from,The_Legend_of_Zelda__Breath_of_the_Wild.html
5266,Organ_of_Evening_Calm.html,is,Item,in,The_Legend_of_Zelda__Link%27s_Awakening.html
5267,Orielle.html,is,Character,from,The_Legend_of_Zelda__Skyward_Sword.html
5268,Orielle.html,is,Character,in,The_Legend_of_Zelda__Skyward_Sword.html
5269,Origin.html,is,Location,from,The_Legend_of_Zelda.html
5270,Ornamental_Skull.html,are,Item,from,The_Legend_of_Zelda__Skyward_Sword.html
5271,Ornamental_Skull.html,are,Item,in,The_Legend_of_Zelda_(Series).html
5272,Orsedd_Bridge.html,is,Location,from,The_Legend_of_Zelda__Breath_of_the_Wild.html
5273,Oseira_Plains.html,are,Location,in,The_Legend_of_Zelda__Breath_of_the_Wild.html
5274,Oseira_Plains.html,are,Location,in,The_Legend_of_Zelda__Breath_of_the_Wild.html
5275,Osfala.html,is,Character,from,The_Legend_of_Zelda__A_Link_Between_Worlds.html
5276,Osfala.html,is,Character,in,The_Legend_of_Zelda__A_Link_Between_Worlds.html
5277,Oshus'_Sword.html,is,Item,in,The_Legend_of_Zelda__Phantom_Hourglass.html
5278,Oshus's_Sword.html,is,Item,in,The_Legend_of_Zelda__Phantom_Hourglass.html
5279,Oshus.html,is,Character,from,The_Legend_of_Zelda__Phantom_Hourglass.html
5280,Out-of-place_Soldier.html,is,Character,from,The_Legend_of_Zelda__Spirit_Tracks.html
5281,Outer_Palace_Garden.html,is,Location,from,The_Legend_of_Zelda__Majora%27s_Mask.html
5282,Outpost_Ruins.html,are,Location,in,The_Legend_of_Zelda__Breath_of_the_Wild.html
5283,Outpost_Ruins.html,are,Location,in,The_Legend_of_Zelda__Breath_of_the_Wild.html
5284,Outset_Island.html,is,Location,from,The_Legend_of_Zelda__The_Wind_Waker.html
5285,Outset_Shirt.html,is,Item,in,The_Legend_of_Zelda__The_Wind_Waker.html
5286,Outskirt_Stable.html,is,Location,in,The_Legend_of_Zelda__Breath_of_the_Wild.html
5287,Overlook_Island.html,is,Location,from,The_Legend_of_Zelda__The_Wind_Waker.html
5288,Overlook_Island.html,is,Location,in,The_Legend_of_Zelda__The_Wind_Waker.html
5289,Ovli_Plain.html,is,Location,from,The_Legend_of_Zelda__Breath_of_the_Wild.html
5290,Owa_Daim.html,is,Character,from,The_Legend_of_Zelda__Breath_of_the_Wild.html
5291,Owa_Daim_Shrine.html,is,Shrine,from,The_Legend_of_Zelda__Breath_of_the_Wild.html
5292,Owl.html,is,Character,from,The_Legend_of_Zelda__Link%27s_Awakening.html
5293,Owl_(Link's_Awakening).html,is,Character,in,The_Legend_of_Zelda__Link%27s_Awakening.html
5294,Owlan.html,is,Character,from,The_Legend_of_Zelda__Skyward_Sword.html
5295,Owlan.html,is,Character,in,The_Legend_of_Zelda__Skyward_Sword.html
5296,Owlan_Bridge.html,is,Location,in,The_Legend_of_Zelda__Breath_of_the_Wild.html
5297,Owner_of_the_Daily_Riches.html,is,Shop,in,Hytopia.html
5298,Ozunda.html,is,Character,from,The_Legend_of_Zelda__Breath_of_the_Wild.html
5299,Ozunda.html,is,Character,in,The_Legend_of_Zelda__Breath_of_the_Wild.html
5300,Padok.html,is,Character,from,The_Legend_of_Zelda__Breath_of_the_Wild.html
5301,Pagos_Woods.html,is,Location,in,The_Legend_of_Zelda__Breath_of_the_Wild.html
5302,Paige.html,is,Character,from,The_Legend_of_Zelda__The_Minish_Cap.html
5303,Paige.html,is,Location,in,The_Legend_of_Zelda__The_Minish_Cap.html
5304,Painting.html,are,Item,in,The_Legend_of_Zelda__A_Link_Between_Worlds.html
5305,Pairodd.html,are,Enemy,from,The_Legend_of_Zelda__Link%27s_Awakening.html
5306,Palace_Dish.html,are,Item,from,The_Legend_of_Zelda__Spirit_Tracks.html
5307,Palace_Dish.html,are,Item,in,The_Legend_of_Zelda_(Series).html
5308,Palace_of_Darkness.html,is,Dungeon,in,Dark_World_(A_Link_to_the_Past).html
5309,Palace_of_Darkness.html,is,Dungeon,in,Eastern_Palace_(A_Link_to_the_Past).html
5310,Palace_of_Twilight.html,is,Dungeon,in,The_Legend_of_Zelda__Twilight_Princess.html
5311,Palace_of_Twilight_(Hyrule_Warriors).html,is,Stage,in,Hyrule_Warriors.html
5312,Palace_of_Twilight_(Stage).html,is,Stage,in,Hyrule_Warriors.html
5313,Palace_of_the_Four_Sword.html,is,Dungeon,in,The_Legend_of_Zelda_series_re-releases.html
5314,Palace_of_the_Four_Swords.html,is,Dungeon,in,The_Legend_of_Zelda_series_re-releases.html
5315,Palace_on_the_Sea.html,is,Dungeon,in,Zelda_II__The_Adventure_of_Link.html
5316,Palace_on_the_Sea.html,is,Dungeon,in,Link.html
5317,Palm_Fruit.html,is,Item,from,The_Legend_of_Zelda__Breath_of_the_Wild.html
5318,Palme.html,is,Character,in,The_Legend_of_Zelda__Breath_of_the_Wild.html
5319,Palmorae_Beach.html,is,Location,from,The_Legend_of_Zelda__Breath_of_the_Wild.html
5320,Palmorae_Ruins.html,is,Location,in,The_Legend_of_Zelda__Breath_of_the_Wild.html
5321,Palu_Wasteland.html,is,Location,in,The_Legend_of_Zelda__Breath_of_the_Wild.html
5322,Palu_Wasteland.html,is,Location,in,The_Legend_of_Zelda__Breath_of_the_Wild.html
5323,Pamela's_Father.html,is,Character,from,The_Legend_of_Zelda__Majora%27s_Mask.html
5324,Pamela.html,is,Character,from,The_Legend_of_Zelda__Majora%27s_Mask.html
5325,Pamela.html,is,Character,in,The_Legend_of_Zelda__Majora%27s_Mask.html
5326,Papa.html,is,Character,in,The_Legend_of_Zelda__A_Link_Between_Worlds.html
5327,Papahl's_Wife.html,is,Character,from,The_Legend_of_Zelda__Link%27s_Awakening.html
5328,Papahl.html,is,Character,from,The_Legend_of_Zelda__Link%27s_Awakening.html
5329,Papetto_Grove.html,is,Location,in,The_Legend_of_Zelda__Breath_of_the_Wild.html
5330,Pappetto_Grove.html,is,Location,from,The_Legend_of_Zelda__Breath_of_the_Wild.html
5331,Papuchia_Shop.html,is,Location,in,The_Legend_of_Zelda__Spirit_Tracks.html
5332,Papuchia_Shop_Owner.html,is,Location,in,The_Legend_of_Zelda__Spirit_Tracks.html
5333,Parache_Plains.html,are,Location,in,The_Legend_of_Zelda__Breath_of_the_Wild.html
5334,Paraglider.html,is,Item,from,The_Legend_of_Zelda__The_Wind_Waker.html
5335,Paraglider.html,is,Item,in,The_Legend_of_Zelda__Breath_of_the_Wild.html
5336,Paraocto.html,are,Enemy,from,The_Legend_of_Zelda__Link%27s_Awakening.html
5337,Parapa_Desert.html,is,Location,from,Zelda_II__The_Adventure_of_Link.html
5338,Parapa_Desert.html,is,Location,in,Zelda_II__The_Adventure_of_Link.html
5339,Parapa_Palace.html,is,Dungeon,in,Zelda_II__The_Adventure_of_Link.html
5340,Parapa_Palace.html,is,Dungeon,in,Zelda_II__The_Adventure_of_Link.html
5341,Parasol_Chimney.html,are,Object,in,The_Legend_of_Zelda__Phantom_Hourglass.html
5342,Parcy.html,is,Character,in,The_Legend_of_Zelda__Breath_of_the_Wild.html
5343,Parrow.html,is,Character,from,The_Legend_of_Zelda__Skyward_Sword.html
5344,Parrow.html,is,Character,in,The_Legend_of_Zelda__Skyward_Sword.html
5345,Part-Timer.html,is,Character,in,The_Legend_of_Zelda__Majora%27s_Mask.html
5346,Part-time_Employee.html,is,Character,from,The_Legend_of_Zelda__Majora%27s_Mask.html
5347,Party_Wheel.html,is,Item,from,The_Legend_of_Zelda__Skyward_Sword.html
5348,Party_Wheel.html,is,Item,in,The_Legend_of_Zelda__Skyward_Sword.html
5349,Parutamu.html,are,Enemy,in,Zelda_II__The_Adventure_of_Link.html
5350,Pasha.html,is,Character,in,The_Legend_of_Zelda__Breath_of_the_Wild.html
5351,Pasha.html,is,Character,in,The_Legend_of_Zelda__Breath_of_the_Wild.html
5352,Pashli.html,is,Character,from,The_Legend_of_Zelda__The_Wind_Waker.html
5353,Pashli.html,is,Character,in,The_Legend_of_Zelda__The_Wind_Waker.html
5354,Pasquinade.html,is,Boss,in,Zelda%27s_Adventure.html
5355,Passable_Prow.html,is,Object,in,The_Legend_of_Zelda__Phantom_Hourglass.html
5356,Passer_Hill.html,is,Location,in,The_Legend_of_Zelda__Breath_of_the_Wild.html
5357,Passeri_Greenbelt.html,is,Location,from,The_Legend_of_Zelda__Breath_of_the_Wild.html
5358,Patch.html,is,Character,in,The_Legend_of_Zelda__Oracle_of_Ages.html
5359,Patra.html,are,Enemy,in,The_Legend_of_Zelda_(Game).html
5360,Patra_(Boss).html,is,Boss,in,BS_The_Legend_of_Zelda.html
5361,Patricia.html,is,Character,from,The_Legend_of_Zelda__Breath_of_the_Wild.html
5362,Paul.html,is,Character,from,Freshly-Picked_Tingle%27s_Rosy_Rupeeland.html
5363,Pawprint_Isle.html,is,Location,from,The_Legend_of_Zelda__The_Wind_Waker.html
5364,Paya's_Diary.html,is,Item,from,The_Legend_of_Zelda__Breath_of_the_Wild.html
5365,Paya.html,is,Character,from,The_Legend_of_Zelda__Breath_of_the_Wild.html
5366,Paya.html,is,Character,in,The_Legend_of_Zelda__Breath_of_the_Wild.html
5367,Pea_Hat.html,are,Enemy,in,The_Legend_of_Zelda_(Game).html
5368,Pea_Hat_Larva.html,are,Enemy,in,The_Legend_of_Zelda_(Game).html
5369,Peace_Ring.html,are,Item,in,The_Legend_of_Zelda__Oracle_of_Ages.html
5370,Peaceful_Bridge.html,are,Object,in,The_Legend_of_Zelda__Phantom_Hourglass.html
5371,Peach_Dye.html,are,Object,in,The_Legend_of_Zelda__Breath_of_the_Wild.html
5372,Peahat.html,are,Enemy,in,The_Legend_of_Zelda_series.html
5373,Peahat.html,are,Enemy,in,The_Legend_of_Zelda_(Game).html
5374,Peahat_Larva.html,are,Enemy,in,The_Legend_of_Zelda_(Game).html
5375,Peak_of_Awakening.html,is,Location,from,The_Legend_of_Zelda__Breath_of_the_Wild.html
5376,Pearl_Necklace.html,are,Item,in,The_Legend_of_Zelda_series.html
5377,Pearl_Necklace.html,are,Item,in,The_Legend_of_Zelda_(Series).html
5378,Pearle.html,is,Character,in,The_Legend_of_Zelda__Breath_of_the_Wild.html
5379,Pearle.html,is,Character,in,The_Legend_of_Zelda__Breath_of_the_Wild.html
5380,Pearls_of_the_Goddesses.html,are,Item,from,The_Legend_of_Zelda__The_Wind_Waker.html
5381,Peater.html,is,Character,from,The_Legend_of_Zelda__Skyward_Sword.html
5382,Peater.html,is,Character,in,The_Legend_of_Zelda__Skyward_Sword.html
5383,Peatrice.html,is,Character,from,The_Legend_of_Zelda__Skyward_Sword.html
5384,Peatrice.html,is,Character,in,Bazaar_(Skyward_Sword).html
5385,Pebblit.html,are,Enemy,from,The_Legend_of_Zelda__Breath_of_the_Wild.html
5386,Peeks.html,is,Character,from,The_Legend_of_Zelda__Breath_of_the_Wild.html
5387,Pegasus_Boots.html,are,Item,in,The_Legend_of_Zelda_series.html
5388,Pegasus_Boots.html,are,Item,in,The_Legend_of_Zelda_(Series).html
5389,Pegasus_Boots_+.html,are,Item,in,The_Legend_of_Zelda_series.html
5390,Pegasus_Boots_+.html,are,Item,in,Zelda_II__The_Adventure_of_Link.html
5391,Pegasus_Seed.html,are,Item,in,The_Legend_of_Zelda_series.html
5392,Pegasus_Shoes.html,are,Item,in,The_Legend_of_Zelda_(Series).html
5393,Pelison.html,is,Character,from,The_Legend_of_Zelda__Breath_of_the_Wild.html
5394,Pelison.html,is,Character,in,The_Legend_of_Zelda__Breath_of_the_Wild.html
5395,Pendant_of_Memories.html,is,Item,from,The_Legend_of_Zelda__Majora%27s_Mask.html
5396,Pendant_of_Memories.html,is,Item,in,The_Legend_of_Zelda__Majora%27s_Mask.html
5397,Pendant_of_Power.html,are,Item,from,The_Legend_of_Zelda__A_Link_Between_Worlds.html
5398,Pendant_of_Wisdom.html,are,Item,from,The_Legend_of_Zelda__A_Link_Between_Worlds.html
5399,Pendants_of_Virtue.html,are,Item,from,The_Legend_of_Zelda__A_Link_Between_Worlds.html
5400,Pengator.html,are,Enemy,in,The_Legend_of_Zelda_series.html
5401,Pengator.html,are,Enemy,in,The_Legend_of_Zelda__Four_Swords_Adventures.html
5402,Pepp.html,is,Character,from,The_Legend_of_Zelda__Breath_of_the_Wild.html
5403,Pepp.html,is,Character,in,The_Legend_of_Zelda__Breath_of_the_Wild.html
5404,Pepper_Seafood.html,is,Item,from,The_Legend_of_Zelda__Breath_of_the_Wild.html
5405,Percy's_House.html,is,Location,in,The_Legend_of_Zelda__The_Minish_Cap.html
5406,Percy.html,is,Character,from,The_Legend_of_Zelda__The_Minish_Cap.html
5407,Percy.html,is,Character,in,The_Legend_of_Zelda__The_Minish_Cap.html
5408,Perda.html,is,Character,from,The_Legend_of_Zelda__Breath_of_the_Wild.html
5409,Pergie.html,is,Character,in,The_Legend_of_Zelda__Twilight_Princess.html
5410,Peril_Beam.html,are,Item,in,The_Legend_of_Zelda__The_Minish_Cap.html
5411,Perosa.html,is,Character,from,The_Legend_of_Zelda__Breath_of_the_Wild.html
5412,Pesto.html,are,Enemy,from,The_Legend_of_Zelda__The_Minish_Cap.html
5413,Pesto.html,are,Enemy,in,The_Legend_of_Zelda__The_Minish_Cap.html
5414,Peter.html,is,Character,in,Ripened_Tingle%27s_Balloon_Trip_of_Love.html
5415,Petri_Fungus.html,are,Item,in,The_Legend_of_Zelda_(Series).html
5416,Phalian_Highlands.html,are,Location,in,The_Legend_of_Zelda__Breath_of_the_Wild.html
5417,Phanna.html,is,Character,from,The_Legend_of_Zelda__Breath_of_the_Wild.html
5418,Phantom.html,are,Enemy,in,The_Legend_of_Zelda_series.html
5419,Phantom.html,are,Enemy,in,The_Legend_of_Zelda__Spirit_Tracks.html
5420,Phantom_Armor.html,is,Item,from,The_Legend_of_Zelda__Phantom_Hourglass.html
5421,Phantom_Armor.html,is,Item,in,The_Legend_of_Zelda__Breath_of_the_Wild.html
5422,Phantom_Ganon's_Sword.html,is,Item,from,The_Legend_of_Zelda__Majora%27s_Mask.html
5423,Phantom_Ganon.html,is,Boss,in,The_Legend_of_Zelda_(Series).html
5424,Phantom_Ganon_(Four_Swords_Adventures).html,is,Boss,of,Whereabouts_of_the_Wind.html
5425,Phantom_Ganon_(Ocarina_of_Time).html,is,Boss,of,Forest_Temple_(Ocarina_of_Time).html
5426,Phantom_Ganon_Armor.html,is,Item,from,The_Legend_of_Zelda__Breath_of_the_Wild.html
5427,Phantom_Ganon_Greaves.html,are,Item,from,The_Legend_of_Zelda__Breath_of_the_Wild.html
5428,Phantom_Ganon_Skull.html,is,Item,from,The_Legend_of_Zelda__Breath_of_the_Wild.html
5429,Phantom_Greaves.html,are,Item,from,The_Legend_of_Zelda__Phantom_Hourglass.html
5430,Phantom_Greaves.html,are,Item,in,The_Legend_of_Zelda__Breath_of_the_Wild.html
5431,Phantom_Guide.html,is,Character,from,The_Legend_of_Zelda__Ocarina_of_Time.html
5432,Phantom_Helmet.html,is,Item,from,The_Legend_of_Zelda__Phantom_Hourglass.html
5433,Phantom_Helmet.html,is,Item,in,The_Legend_of_Zelda__Breath_of_the_Wild.html
5434,Phantom_Hourglass_(Item).html,is,Item,of,The_Legend_of_Zelda__Phantom_Hourglass.html
5435,Phantom_Sphere.html,are,Item,from,The_Legend_of_Zelda__Phantom_Hourglass.html
5436,Phantom_Zant.html,is,Boss,of,Palace_of_Twilight.html
5437,Phantom_Zant.html,is,Boss,of,Palace_of_Twilight.html
5438,Phantom_Zelda.html,is,Character,in,The_Legend_of_Zelda__Breath_of_the_Wild.html
5439,Phantoms.html,are,Enemy,in,The_Legend_of_Zelda__Spirit_Tracks.html
5440,Philosopher.html,is,Character,from,The_Legend_of_Zelda__A_Link_Between_Worlds.html
5441,Philosopher.html,is,Character,in,The_Legend_of_Zelda__A_Link_Between_Worlds.html
5442,Phoeni.html,is,Character,from,The_Legend_of_Zelda__Skyward_Sword.html
5443,Phonograph.html,is,Item,in,The_Legend_of_Zelda__Ocarina_of_Time.html
5444,Phonograph_(Oracle_of_Seasons).html,is,Item,in,Quest_for_the_Noble_Sword_(Oracle_of_Seasons).html
5445,Phonograph_(The_Minish_Cap).html,is,Item,from,The_Legend_of_Zelda__The_Minish_Cap.html
5446,Photo_Bro.html,is,Character,in,The_Legend_of_Zelda__Tri_Force_Heroes.html
5447,Photographer.html,is,Character,from,The_Legend_of_Zelda__Link%27s_Awakening.html#The_Legend_of_Zelda:_Link.27s_Awakening_DX
5448,Photographer.html,is,Character,in,The_Legend_of_Zelda__Link%27s_Awakening_DX.html
5449,Phrenic_Bow.html,is,Item,from,The_Legend_of_Zelda__Breath_of_the_Wild.html
5450,Phytops.html,is,Boss,in,The_Legend_of_Zelda__Spirit_Tracks.html
5451,Pickaxe.html,is,Item,from,Foreman_(Freshly-Picked_Tingle%27s_Rosy_Rupeeland).html
5452,Pico_Bloom.html,are,Item,in,The_Legend_of_Zelda__The_Minish_Cap.html
5453,Pico_Pond.html,is,Location,in,The_Legend_of_Zelda__Breath_of_the_Wild.html
5454,Pico_Pond.html,is,Location,in,The_Legend_of_Zelda__Breath_of_the_Wild.html
5455,Picolyte.html,are,Item,in,The_Legend_of_Zelda__The_Minish_Cap.html
5456,Picori_Blade.html,is,Sword,from,The_Legend_of_Zelda__The_Minish_Cap.html
5457,Picori_Blade.html,is,Object,in,Minish.html
5458,Picori_Sword.html,is,Object,in,Minish.html
5459,Picori_World.html,is,Location,in,The_Legend_of_Zelda__The_Minish_Cap.html
5460,Picto_Box.html,is,Item,from,The_Legend_of_Zelda__The_Wind_Waker.html
5461,Picto_Box.html,is,Item,in,The_Legend_of_Zelda_(Series).html
5462,Pictobox.html,is,Item,in,The_Legend_of_Zelda_(Series).html
5463,Pictograph_Box.html,is,Item,from,The_Legend_of_Zelda__Majora%27s_Mask.html
5464,Pictograph_Box.html,is,Item,in,The_Legend_of_Zelda_(Series).html
5465,Picture_of_the_Champions.html,is,Item,from,The_Legend_of_Zelda__Breath_of_the_Wild.html
5466,Picture_of_the_Champions.html,is,Item,in,The_Legend_of_Zelda__Breath_of_the_Wild.html
5467,Pierre.html,is,Character,from,The_Legend_of_Zelda__Ocarina_of_Time.html
5468,Pierre.html,is,Character,in,The_Legend_of_Zelda_(Series).html
5469,Pierre_Plateau.html,is,Location,in,The_Legend_of_Zelda__Breath_of_the_Wild.html
5470,Pig_Warrior.html,are,Enemy,in,The_Legend_of_Zelda__A_Link_to_the_Past.html
5471,Piggy_Bank.html,is,Item,from,Freshly-Picked_Tingle%27s_Rosy_Rupeeland.html
5472,Pikango.html,is,Character,from,The_Legend_of_Zelda__Breath_of_the_Wild.html
5473,Pikida_Stonegrove.html,is,Location,in,The_Legend_of_Zelda__Breath_of_the_Wild.html
5474,Pikit.html,are,Enemy,from,The_Legend_of_Zelda__A_Link_to_the_Past.html
5475,Pikit.html,are,Enemy,in,The_Legend_of_Zelda__A_Link_to_the_Past.html
5476,Pillar_Handrail.html,are,Object,in,The_Legend_of_Zelda__Phantom_Hourglass.html
5477,Pillars_of_Levia.html,is,Location,in,The_Legend_of_Zelda__Breath_of_the_Wild.html
5478,Pina.html,is,Character,from,The_Legend_of_Zelda__The_Minish_Cap.html
5479,Pincer.html,are,Enemy,in,The_Legend_of_Zelda_series.html
5480,Pineapple.html,is,Item,from,The_Legend_of_Zelda__Link%27s_Awakening.html
5481,Pink_Bra.html,is,Item,in,The_Legend_of_Zelda_(Series).html
5482,Pink_Coral.html,is,Item,from,The_Legend_of_Zelda__Phantom_Hourglass.html
5483,Pink_Coral.html,are,Item,in,The_Legend_of_Zelda_(Series).html
5484,Pink_Lotus.html,is,Item,from,Freshly-Picked_Tingle%27s_Rosy_Rupeeland.html
5485,Pinkle.html,is,Character,from,Freshly-Picked_Tingle%27s_Rosy_Rupeeland.html
5486,Pinnacle_Rock.html,is,Location,from,The_Legend_of_Zelda__Majora%27s_Mask.html
5487,Pinnacle_Rock.html,is,Location,in,The_Legend_of_Zelda__Majora%27s_Mask.html
5488,Pinwheel.html,is,Item,from,The_Legend_of_Zelda__The_Wind_Waker.html
5489,Pinwheel.html,are,Item,in,The_Legend_of_Zelda__The_Wind_Waker.html
5490,Piper.html,is,Character,from,The_Legend_of_Zelda__Skyward_Sword.html
5491,Piper.html,is,Character,in,The_Legend_of_Zelda__Skyward_Sword.html
5492,Piper_Ridge.html,is,Location,in,The_Legend_of_Zelda__Breath_of_the_Wild.html
5493,Pipes_of_Awakening.html,are,Item,in,The_Legend_of_Zelda__Majora%27s_Mask.html
5494,Pipit.html,is,Character,from,The_Legend_of_Zelda__Skyward_Sword.html
5495,Pippin.html,is,Character,in,The_Legend_of_Zelda__Oracle_of_Ages.html
5496,Pirate's_Charm.html,is,Item,from,The_Legend_of_Zelda__The_Wind_Waker.html
5497,Pirate's_Charm.html,is,Item,in,The_Legend_of_Zelda__The_Wind_Waker.html
5498,Pirate's_Fortress.html,is,Dungeon,from,The_Legend_of_Zelda__Majora%27s_Mask.html
5499,Pirate's_Prisoner.html,is,Character,in,The_Legend_of_Zelda__Spirit_Tracks.html
5500,Pirate_Fortress.html,is,Dungeon,in,The_Legend_of_Zelda__Majora%27s_Mask.html
5501,Pirate_Hideaway.html,is,Dungeon,in,Freshly-Picked_Tingle%27s_Rosy_Rupeeland.html
5502,Pirate_Hideaway.html,is,Dungeon,in,Freshly-Picked_Tingle%27s_Rosy_Rupeeland.html
5503,Pirate_Hideout.html,is,Location,from,The_Legend_of_Zelda__Spirit_Tracks.html
5504,Pirate_Necklace.html,are,Item,in,The_Legend_of_Zelda_(Series).html
5505,Pirate_Stronghold.html,is,Dungeon,from,The_Legend_of_Zelda__Skyward_Sword.html
5506,Pirates'_Cove.html,is,Location,from,The_Legend_of_Zelda__Majora%27s_Mask.html
5507,Pirates'_Fortress.html,is,Dungeon,from,The_Legend_of_Zelda__Majora%27s_Mask.html
5508,Pirates'_Fortress.html,is,Dungeon,in,The_Legend_of_Zelda__Majora%27s_Mask.html
5509,Pirates'_Prisoner.html,is,Character,from,The_Legend_of_Zelda__Spirit_Tracks.html
5510,Pirogusu.html,are,Enemy,from,The_Legend_of_Zelda__A_Link_to_the_Past.html
5511,Pirou.html,is,Character,from,The_Legend_of_Zelda__Breath_of_the_Wild.html
5512,Pirou.html,is,Character,in,The_Legend_of_Zelda__Breath_of_the_Wild.html
5513,Pitar.html,is,Character,from,The_Legend_of_Zelda__Breath_of_the_Wild.html
5514,Piyoko.html,is,Character,from,The_Legend_of_Zelda__Oracle_of_Seasons_(manga).html
5515,Plain_Crepe.html,is,Item,from,The_Legend_of_Zelda__Breath_of_the_Wild.html
5516,Plain_of_Andor.html,is,Location,in,Zelda%27s_Adventure.html
5517,Plain_of_Hobel.html,is,Location,in,Zelda%27s_Adventure.html
5518,Plasmarine.html,is,Boss,of,Jabu-Jabu%27s_Belly.html
5519,Plats.html,is,Character,from,The_Legend_of_Zelda__Skyward_Sword.html
5520,Plats.html,is,Character,in,The_Legend_of_Zelda__Skyward_Sword.html
5521,Playtime_with_Cottla.html,is,Quest,in,The_Legend_of_Zelda__Breath_of_the_Wild.html
5522,Plen.html,is,Character,in,The_Legend_of_Zelda__Oracle_of_Seasons.html
5523,Ploka.html,is,Character,in,The_Legend_of_Zelda__Breath_of_the_Wild.html
5524,Ploka.html,is,Character,in,The_Legend_of_Zelda__Breath_of_the_Wild.html
5525,Ploymus_Mountain.html,is,Location,in,The_Legend_of_Zelda__Breath_of_the_Wild.html
5526,Plumm.html,is,Character,in,The_Legend_of_Zelda__Twilight_Princess.html
5527,Poacher's_Saw.html,is,Item,from,The_Legend_of_Zelda__Ocarina_of_Time.html
5528,Pocket_Cucco.html,is,Item,from,The_Legend_of_Zelda__Ocarina_of_Time.html
5529,Pocket_Egg.html,is,Item,from,The_Legend_of_Zelda__Ocarina_of_Time.html
5530,Podoboo.html,are,Enemy,in,The_Legend_of_Zelda_(Series).html
5531,Podoboo_Tower.html,are,Enemy,in,The_Legend_of_Zelda__Oracle_of_Ages.html
5532,Podobos.html,are,Enemy,in,The_Legend_of_Zelda_series.html
5533,Poe.html,are,Enemy,in,The_Legend_of_Zelda_series.html
5534,Poe.html,are,Enemy,in,The_Legend_of_Zelda_(Series).html
5535,Poe_Clock.html,is,Item,in,Quest_for_the_Noble_Sword_(Oracle_of_Ages).html
5536,Poe_Collector.html,is,Character,in,The_Legend_of_Zelda_series.html
5537,Poe_Collector.html,is,Character,in,The_Legend_of_Zelda_(Series).html
5538,Poe_Salesman.html,is,Character,in,The_Legend_of_Zelda_(Series).html
5539,Poe_Sisters.html,are,Group,in,The_Legend_of_Zelda__Majora%27s_Mask.html
5540,Poe_Sisters.html,are,Character,in,The_Legend_of_Zelda_(Series).html
5541,Poe_Soul.html,are,Item,in,The_Legend_of_Zelda_(Series).html
5542,Poes.html,are,Enemy,in,The_Legend_of_Zelda_(Series).html
5543,Poison_Moth's_Lair.html,is,Dungeon,in,The_Legend_of_Zelda__Oracle_of_Seasons.html
5544,Pokey.html,are,Enemy,in,The_Legend_of_Zelda_series.html
5545,Pokey.html,are,Enemy,in,The_Legend_of_Zelda__Link%27s_Awakening.html
5546,Pokki.html,is,Character,in,The_Legend_of_Zelda__Breath_of_the_Wild.html
5547,Pokki.html,is,Character,in,The_Legend_of_Zelda__Breath_of_the_Wild.html
5548,Pols_Voice.html,are,Enemy,in,The_Legend_of_Zelda_series.html
5549,Pols_Voice.html,are,Enemy,in,The_Legend_of_Zelda_(Series).html
5550,Pompie.html,are,Character,in,The_Legend_of_Zelda__The_Wind_Waker.html
5551,Pompie_and_Vera.html,are,Character,from,The_Legend_of_Zelda__The_Wind_Waker.html
5552,Pompie_and_Vera.html,are,Character,in,The_Legend_of_Zelda__The_Wind_Waker.html
5553,Pond_Owner.html,is,Character,in,The_Legend_of_Zelda_series.html
5554,Pond_of_Happiness.html,is,Location,from,The_Legend_of_Zelda__A_Link_to_the_Past.html
5555,Pondo's_Lodge.html,is,Location,from,The_Legend_of_Zelda__Breath_of_the_Wild.html
5556,Pondo.html,is,Character,from,The_Legend_of_Zelda__Breath_of_the_Wild.html
5557,Ponthos.html,is,Character,in,The_Legend_of_Zelda__Breath_of_the_Wild.html
5558,Popla_Foothills.html,is,Location,in,The_Legend_of_Zelda__Breath_of_the_Wild.html
5559,Popo.html,are,Enemy,in,The_Legend_of_Zelda_series.html
5560,Popo.html,are,Enemy,in,The_Legend_of_Zelda_(Series).html
5561,Porgy_Meuniäre.html,is,Item,from,The_Legend_of_Zelda__Breath_of_the_Wild.html
5562,Port_Town.html,is,Location,from,Freshly-Picked_Tingle%27s_Rosy_Rupeeland.html
5563,Port_Town.html,is,Location,in,Freshly-Picked_Tingle%27s_Rosy_Rupeeland.html
5564,Port_Town_Guard's_Wife.html,is,Character,from,Missy_(Freshly-Picked_Tingle%27s_Rosy_Rupeeland).html
5565,Port_Town_Guard.html,is,Character,from,Freshly-Picked_Tingle%27s_Rosy_Rupeeland.html
5566,Portal_of_Doom.html,is,Object,from,Link_and_the_Portal_of_Doom.html
5567,Portrait.html,are,Item,in,The_Legend_of_Zelda__A_Link_Between_Worlds.html
5568,Portraits.html,are,Item,from,Impa.html#The_Legend_of_Zelda:_A_Link_Between_Worlds
5569,Possessed_Linebeck.html,is,Character,in,The_Legend_of_Zelda_(Series).html
5570,Possessed_Nayru.html,is,Character,in,The_Legend_of_Zelda_(Series).html
5571,Possessed_Zelda.html,is,Boss,in,The_Legend_of_Zelda_(Series).html
5572,Post_Office.html,is,Location,in,The_Legend_of_Zelda_series.html
5573,Post_Office.html,is,Location,in,The_Legend_of_Zelda_(Series).html
5574,Postbox.html,are,Object,in,The_Legend_of_Zelda_(Series).html
5575,Postman's_Hat.html,is,Item,in,The_Legend_of_Zelda__Majora%27s_Mask.html
5576,Postman.html,is,Character,in,The_Legend_of_Zelda_series.html
5577,Postman.html,is,Character,in,The_Legend_of_Zelda_(Series).html
5578,Postman_Statue.html,are,Item,from,The_Legend_of_Zelda__The_Wind_Waker.html
5579,Postman_Statue.html,are,Item,in,The_Legend_of_Zelda__The_Wind_Waker.html
5580,Postmaster.html,is,Character,in,The_Legend_of_Zelda__Spirit_Tracks.html
5581,Pot.html,are,Item,in,The_Legend_of_Zelda_series.html
5582,Pot.html,are,Object,in,The_Legend_of_Zelda_(Series).html
5583,Pot_Lid.html,is,Item,from,The_Legend_of_Zelda__Breath_of_the_Wild.html
5584,Pot_Lid.html,is,Item,in,The_Legend_of_Zelda__Breath_of_the_Wild.html
5585,Pothole_Field.html,is,Location,from,The_Legend_of_Zelda__Link%27s_Awakening.html
5586,Potion.html,are,Item,in,The_Legend_of_Zelda__Breath_of_the_Wild.html
5587,Potion_Medal.html,is,Item,from,The_Legend_of_Zelda__Skyward_Sword.html
5588,Potion_Medal.html,are,Item,in,The_Legend_of_Zelda_(Series).html
5589,Potova.html,are,Character,in,The_Legend_of_Zelda__The_Wind_Waker.html
5590,Potova_and_Joanna.html,are,Character,from,The_Legend_of_Zelda__The_Wind_Waker.html
5591,Potova_and_Joanna.html,are,Character,in,The_Legend_of_Zelda__The_Wind_Waker.html
5592,Pouch.html,is,Item,from,The_Legend_of_Zelda__A_Link_Between_Worlds.html
5593,Pouch.html,is,Item,in,The_Legend_of_Zelda_(Series).html
5594,Poultry_Curry.html,is,Item,from,The_Legend_of_Zelda__Breath_of_the_Wild.html
5595,Poultry_Pilaf.html,is,Item,from,The_Legend_of_Zelda__Breath_of_the_Wild.html
5596,Powder_Keg.html,are,Item,from,Goron_Mask.html#The_Legend_of_Zelda:_Majora.27s_Mask
5597,Powder_Keg.html,is,Item,in,The_Legend_of_Zelda__Majora%27s_Mask.html
5598,Powder_Keg_Certification.html,is,Item,in,The_Legend_of_Zelda__Majora%27s_Mask.html
5599,Power_Bracelet.html,is,Item,in,The_Legend_of_Zelda_series.html
5600,Power_Bracelet.html,is,Item,in,The_Legend_of_Zelda_series.html
5601,Power_Bracelet.html,is,Item,in,The_Legend_of_Zelda_(Series).html
5602,Power_Bracelets.html,is,Item,in,The_Legend_of_Zelda_series.html
5603,Power_Bracelets.html,is,Item,in,The_Legend_of_Zelda_series.html
5604,Power_Bracelets.html,is,Item,in,The_Legend_of_Zelda_(Series).html
5605,Power_Glove.html,is,Item,in,The_Legend_of_Zelda_series.html
5606,Power_Glove.html,is,Item,in,The_Legend_of_Zelda_(Series).html
5607,Power_Gloves.html,is,Item,in,The_Legend_of_Zelda_series.html
5608,Power_Gloves.html,is,Item,in,The_Legend_of_Zelda_(Series).html
5609,Power_Ring_L-3.html,are,Item,in,The_Legend_of_Zelda__Oracle_of_Ages.html
5610,Power_Sword.html,is,Item,in,Link__The_Faces_of_Evil.html
5611,Power_of_Autumn.html,is,Item,of,Seasons.html
5612,Power_of_Spring.html,is,Item,of,Seasons.html
5613,Practical_Bridge.html,are,Object,in,The_Legend_of_Zelda__Phantom_Hourglass.html
5614,Practice_Sword.html,is,Sword,from,The_Legend_of_Zelda__Skyward_Sword.html
5615,Practice_Sword.html,is,Sword,from,The_Legend_of_Zelda__Skyward_Sword.html
5616,Prelude_of_Light.html,is,Song,from,The_Legend_of_Zelda__Twilight_Princess.html
5617,Prelude_of_Light.html,is,Song,in,The_Legend_of_Zelda_(Series).html
5618,Premium_Milk.html,is,Item,from,The_Legend_of_Zelda__A_Link_Between_Worlds.html
5619,Premium_Milk.html,is,Item,in,The_Legend_of_Zelda__A_Link_Between_Worlds.html
5620,Prescription.html,is,Item,from,The_Legend_of_Zelda__Ocarina_of_Time.html
5621,Priest.html,is,Character,from,The_Legend_of_Zelda__A_Link_Between_Worlds.html
5622,Prima.html,is,Character,in,The_Legend_of_Zelda__Breath_of_the_Wild.html
5623,Prime_Meat_Curry.html,is,Item,from,The_Legend_of_Zelda__Breath_of_the_Wild.html
5624,Prime_Meat_Stew.html,is,Item,from,The_Legend_of_Zelda__Breath_of_the_Wild.html
5625,Prime_Meat_and_Rice_Bowl.html,is,Item,from,The_Legend_of_Zelda__Breath_of_the_Wild.html
5626,Prime_Meat_and_Seafood_Fry.html,is,Item,from,The_Legend_of_Zelda__Breath_of_the_Wild.html
5627,Prime_Poultry_Curry.html,is,Item,from,The_Legend_of_Zelda__Breath_of_the_Wild.html
5628,Prime_Poultry_Pilaf.html,is,Item,from,The_Legend_of_Zelda__Breath_of_the_Wild.html
5629,Prime_Spiced_Meat_Skewer.html,is,Item,from,The_Legend_of_Zelda__Breath_of_the_Wild.html
5630,Prince_Komali.html,is,Character,from,The_Legend_of_Zelda__The_Wind_Waker.html
5631,Prince_Komali.html,is,Character,in,The_Legend_of_Zelda__The_Wind_Waker.html
5632,Prince_Sidon.html,is,Character,from,The_Legend_of_Zelda__Breath_of_the_Wild.html
5633,Prince_Sidon.html,is,Character,in,The_Legend_of_Zelda__Breath_of_the_Wild.html
5634,Prince_of_Hyrule.html,is,Character,from,Zelda_II__The_Adventure_of_Link/Prologue.html
5635,Princess_Hilda.html,is,Character,from,The_Legend_of_Zelda__A_Link_Between_Worlds.html
5636,Princess_Mipha.html,is,Character,in,Princess_Zelda.html#The_Legend_of_Zelda:_Breath_of_the_Wild
5637,Princess_Ruto.html,is,Character,from,The_Legend_of_Zelda__Ocarina_of_Time.html
5638,Princess_Ruto.html,is,Character,in,Water_Temple_(Ocarina_of_Time).html
5639,Princess_Zelda's_Courtyard.html,is,Location,in,The_Legend_of_Zelda__A_Link_to_the_Past.html
5640,Princess_Zelda's_Room.html,is,Location,from,The_Legend_of_Zelda__Breath_of_the_Wild.html
5641,Princess_Zelda's_Room.html,is,Dungeon,of,The_Legend_of_Zelda__Breath_of_the_Wild.html
5642,Princess_Zelda's_Study.html,is,Location,from,The_Legend_of_Zelda__Breath_of_the_Wild.html
5643,Princess_Zelda's_Study.html,is,Dungeon,of,The_Legend_of_Zelda__Breath_of_the_Wild.html
5644,Prismantus.html,is,Boss,of,Grim_Temple.html
5645,Prismantus.html,is,Boss,of,Grim_Temple.html
5646,Prissen.html,is,Character,from,The_Legend_of_Zelda__Breath_of_the_Wild.html
5647,Pritana.html,is,Character,in,The_Legend_of_Zelda__Breath_of_the_Wild.html
5648,Pritana.html,is,Character,in,The_Legend_of_Zelda__Breath_of_the_Wild.html
5649,Private_Oasis.html,is,Location,from,The_Legend_of_Zelda__The_Wind_Waker.html
5650,Professor.html,is,Character,from,The_Legend_of_Zelda__Majora%27s_Mask.html
5651,Professor.html,is,Character,in,The_Legend_of_Zelda_(Series).html
5652,Professor_Shikashi.html,is,Character,in,The_Legend_of_Zelda__Ocarina_of_Time.html
5653,Prospector_Bug.html,is,Item,from,Freshly-Picked_Tingle%27s_Rosy_Rupeeland.html
5654,Protection_Ring.html,are,Item,in,The_Legend_of_Zelda__Oracle_of_Ages.html
5655,Protein_Palace.html,is,Shop,from,The_Legend_of_Zelda__Breath_of_the_Wild.html
5656,Prow.html,are,Object,in,The_Legend_of_Zelda__Phantom_Hourglass.html
5657,Proxi.html,is,Character,from,Hyrule_Warriors.html
5658,Proxim_Bridge.html,is,Location,in,The_Legend_of_Zelda__Breath_of_the_Wild.html
5659,Proxim_Bridge.html,is,Location,in,The_Legend_of_Zelda__Breath_of_the_Wild.html
5660,Pruce.html,is,Character,in,The_Legend_of_Zelda__Breath_of_the_Wild.html
5661,Puffer_Beach.html,is,Location,in,The_Legend_of_Zelda__Breath_of_the_Wild.html
5662,Puffstool.html,are,Enemy,from,The_Legend_of_Zelda__The_Minish_Cap.html
5663,Pumaag_Nitae.html,is,Character,from,The_Legend_of_Zelda__Breath_of_the_Wild.html
5664,Pumaag_Nitae_Shrine.html,is,Shrine,from,The_Legend_of_Zelda__Breath_of_the_Wild.html
5665,Pumm.html,is,Character,from,The_Legend_of_Zelda__Skyward_Sword.html
5666,Pumm.html,is,Character,in,The_Legend_of_Zelda__Skyward_Sword.html
5667,Pumpkin.html,are,Object,from,The_Legend_of_Zelda__Skyward_Sword.html
5668,Pumpkin_Head.html,is,Boss,of,Spirit%27s_Grave.html
5669,Pumpkin_Landing.html,is,Location,from,The_Legend_of_Zelda__Skyward_Sword.html
5670,Pumpkin_Pie.html,is,Item,from,The_Legend_of_Zelda__Breath_of_the_Wild.html
5671,Pumpkin_Soup.html,is,Item,from,The_Legend_of_Zelda__Skyward_Sword.html
5672,Pumpkin_Soup.html,is,Item,in,The_Legend_of_Zelda__Skyward_Sword.html
5673,Pumpkin_Stew.html,is,Item,from,The_Legend_of_Zelda__Breath_of_the_Wild.html
5674,Puppet_Zelda.html,is,Boss,in,The_Legend_of_Zelda_(Series).html
5675,Purah's_Diary.html,is,Item,from,The_Legend_of_Zelda__Breath_of_the_Wild.html
5676,Purah.html,is,Character,from,The_Legend_of_Zelda__Breath_of_the_Wild.html
5677,Purah.html,is,Character,in,The_Legend_of_Zelda__Breath_of_the_Wild.html
5678,Pure_Dew.html,is,Item,from,Freshly-Picked_Tingle%27s_Rosy_Rupeeland.html
5679,Purifier_Lake.html,is,Location,in,The_Legend_of_Zelda__Breath_of_the_Wild.html
5680,Purlo.html,is,Character,in,The_Legend_of_Zelda__Twilight_Princess.html
5681,Purple_Chu_Jelly.html,is,Item,in,The_Legend_of_Zelda_series.html
5682,Purple_Chu_Jelly.html,is,Item,in,The_Legend_of_Zelda_(Series).html
5683,Purple_Dye.html,are,Object,in,The_Legend_of_Zelda__Breath_of_the_Wild.html
5684,Purple_Knight.html,is,Character,from,The_Legend_of_Zelda__Four_Swords_Adventures.html
5685,Purple_Potion_(A_Link_Between_Worlds).html,is,Item,from,The_Legend_of_Zelda__A_Link_Between_Worlds.html
5686,Purry.html,is,Character,from,The_Legend_of_Zelda__The_Minish_Cap.html
5687,Puzzle_Key.html,are,Item,in,The_Legend_of_Zelda__Skyward_Sword.html
5688,Pyle.html,is,Character,from,The_Legend_of_Zelda__Breath_of_the_Wild.html
5689,Pyle.html,is,Character,in,The_Legend_of_Zelda__Breath_of_the_Wild.html
5690,Pyra.html,is,Character,in,The_Legend_of_Zelda__Breath_of_the_Wild.html
5691,Pyra.html,is,Character,in,The_Legend_of_Zelda__Breath_of_the_Wild.html
5692,Pyramid_(A_Link_to_the_Past).html,is,Location,from,The_Legend_of_Zelda__A_Link_to_the_Past.html
5693,Pyramid_(Four_Swords_Adventures).html,is,Location,from,The_Legend_of_Zelda__Four_Swords_Adventures.html
5694,Pyrup.html,are,Enemy,from,The_Legend_of_Zelda__Skyward_Sword.html
5695,Pyrup.html,are,Enemy,in,The_Legend_of_Zelda__Skyward_Sword.html
5696,Q.html,is,Character,from,The_Legend_of_Zelda_series_re-releases.html
5697,Qaza_Tokki.html,is,Character,from,The_Legend_of_Zelda__Breath_of_the_Wild.html
5698,Qaza_Tokki_Shrine.html,is,Shrine,from,The_Legend_of_Zelda__Breath_of_the_Wild.html
5699,Qua_Raym.html,is,Character,from,The_Legend_of_Zelda__Breath_of_the_Wild.html
5700,Qua_Raym_Shrine.html,is,Shrine,from,The_Legend_of_Zelda__Breath_of_the_Wild.html
5701,Qua_Raym_Shrine.html,is,Shrine,in,The_Legend_of_Zelda__Breath_of_the_Wild.html
5702,Quadruplets.html,are,Character,from,The_Legend_of_Zelda__Link%27s_Awakening.html
5703,Quake.html,is,Item,in,The_Legend_of_Zelda_(Series).html
5704,Quake_Medallion.html,is,Item,in,The_Legend_of_Zelda_series.html
5705,Quake_Medallion.html,is,Item,in,The_Legend_of_Zelda_(Series).html
5706,Quarry_Ruins.html,is,Location,in,The_Legend_of_Zelda__Breath_of_the_Wild.html
5707,Quatta's_Shelf.html,is,Location,in,The_Legend_of_Zelda__Breath_of_the_Wild.html
5708,Queen_Ambi.html,is,Character,in,Oracle_Series.html
5709,Queen_Bee.html,is,Character,from,Freshly-Picked_Tingle%27s_Rosy_Rupeeland.html
5710,Queen_Gohma.html,are,Boss,in,The_Legend_of_Zelda_(Series).html
5711,Queen_Oren.html,is,Character,from,The_Legend_of_Zelda__A_Link_Between_Worlds.html
5712,Queen_Rutela.html,is,Character,in,The_Legend_of_Zelda__Twilight_Princess.html
5713,Queen_Seline.html,is,Character,by,The_Legend_of_Zelda_comics.html
5714,Queen_of_Fairies.html,is,Character,in,The_Legend_of_Zelda_series.html
5715,Queen_of_Hearts.html,is,Item,from,The_Legend_of_Zelda__Tri_Force_Heroes.html
5716,Quest_for_Biggoron's_Sword.html,is,Quest,from,The_Legend_of_Zelda__Ocarina_of_Time.html
5717,Quest_for_the_Great_Spin_Attack.html,is,Quest,from,The_Legend_of_Zelda__Phantom_Hourglass.html
5718,Quest_for_the_Shop_Guru_Statue.html,is,Quest,from,The_Legend_of_Zelda__The_Wind_Waker.html
5719,Quick_Beetle.html,is,Item,from,The_Legend_of_Zelda__Skyward_Sword.html
5720,Quick_Beetle.html,is,Item,in,The_Legend_of_Zelda__Skyward_Sword.html
5721,Quill.html,is,Character,from,The_Legend_of_Zelda__The_Wind_Waker.html
5722,Quill.html,is,Character,in,The_Legend_of_Zelda__The_Wind_Waker.html
5723,Quilted_Shirt.html,is,Item,from,The_Legend_of_Zelda__Breath_of_the_Wild.html
5724,Quince.html,is,Character,from,The_Legend_of_Zelda__Breath_of_the_Wild.html
5725,Quiver.html,is,Item,in,The_Legend_of_Zelda_series.html
5726,Quiver.html,are,Item,in,The_Legend_of_Zelda_(Series).html
5727,Qukah_Nata.html,is,Character,from,The_Legend_of_Zelda__Breath_of_the_Wild.html
5728,Qukah_Nata_Shrine.html,is,Shrine,from,The_Legend_of_Zelda__Breath_of_the_Wild.html
5729,Ra.html,are,Enemy,from,Zelda_II__The_Adventure_of_Link.html
5730,Rabbit_Net.html,is,Item,from,The_Legend_of_Zelda__Spirit_Tracks.html
5731,Rabbit_Net.html,is,Item,from,The_Legend_of_Zelda__Spirit_Tracks.html
5732,Rabbitland_Rescue.html,is,Location,from,The_Legend_of_Zelda__Spirit_Tracks.html
5733,Rabbitland_Rescue.html,is,Location,in,The_Legend_of_Zelda__Spirit_Tracks.html
5734,Rabbitland_Rescue_Man's_Wife.html,is,Character,from,The_Legend_of_Zelda__Spirit_Tracks.html
5735,Rabbitland_Rescue_Man.html,is,Character,from,The_Legend_of_Zelda__Spirit_Tracks.html
5736,Rabella_Wetlands.html,are,Location,from,The_Legend_of_Zelda__Breath_of_the_Wild.html
5737,Rabia_Plain.html,is,Location,in,The_Legend_of_Zelda__Breath_of_the_Wild.html
5738,Raccoon.html,is,Character,in,The_Legend_of_Zelda__Link%27s_Awakening.html
5739,Racing_Bros.html,are,Character,from,The_Legend_of_Zelda__A_Link_Between_Worlds.html
5740,Radiant_Mask.html,are,Item,from,The_Legend_of_Zelda__Breath_of_the_Wild.html
5741,Radiant_Shield.html,is,Item,from,The_Legend_of_Zelda__Breath_of_the_Wild.html
5742,Radiant_Shirt.html,are,Item,from,The_Legend_of_Zelda__Breath_of_the_Wild.html
5743,Radiant_Tights.html,are,Item,from,The_Legend_of_Zelda__Breath_of_the_Wild.html
5744,Rael.html,is,Character,from,The_Legend_of_Zelda__Spirit_Tracks.html
5745,Rael.html,is,Character,from,Spirit_Tracks_(Object).html
5746,Raft.html,are,Item,in,The_Legend_of_Zelda_series.html
5747,Raft.html,are,Item,in,The_Legend_of_Zelda_(Series).html
5748,Raft_Shop.html,is,Location,from,The_Legend_of_Zelda__Link%27s_Awakening.html
5749,Raft_Shop.html,is,Shop,in,The_Legend_of_Zelda__Link%27s_Awakening.html
5750,Rail_Map.html,is,Item,from,The_Legend_of_Zelda__Spirit_Tracks.html
5751,Ralera.html,is,Character,in,The_Legend_of_Zelda__Breath_of_the_Wild.html
5752,Ralis.html,is,Character,in,The_Legend_of_Zelda__Twilight_Princess.html
5753,Ralis_Pond.html,is,Location,in,The_Legend_of_Zelda__Breath_of_the_Wild.html
5754,Ralph.html,is,Character,in,The_Legend_of_Zelda__Oracle_of_Ages.html
5755,Ramella.html,is,Character,from,The_Legend_of_Zelda__Breath_of_the_Wild.html
5756,Ramella.html,is,Character,in,The_Legend_of_Zelda__Breath_of_the_Wild.html
5757,Ramrock.html,is,Boss,of,Ancient_Tomb.html
5758,Ramrock.html,is,Boss,of,Ancient_Tomb.html
5759,Ranch_Ruins.html,are,Location,from,The_Legend_of_Zelda__Breath_of_the_Wild.html
5760,Ranch_Ruins.html,are,Location,in,The_Legend_of_Zelda__Breath_of_the_Wild.html
5761,Rancher.html,is,Character,from,Freshly-Picked_Tingle%27s_Rosy_Rupeeland.html
5762,Rapid_Ride.html,is,Location,in,The_Legend_of_Zelda_(Series).html
5763,Rapids_Ride.html,is,Location,in,The_Legend_of_Zelda_(Series).html
5764,Raqa_Zunzo.html,is,Character,from,The_Legend_of_Zelda__Breath_of_the_Wild.html
5765,Raqa_Zunzo_Shrine.html,is,Shrine,from,The_Legend_of_Zelda__Breath_of_the_Wild.html
5766,Rare_Armor_Shop.html,is,Shop,in,The_Legend_of_Zelda__Breath_of_the_Wild.html
5767,Rare_Chu_Jelly.html,is,Item,in,The_Legend_of_Zelda_series.html
5768,Rare_Chu_Jelly.html,is,Item,in,The_Legend_of_Zelda_(Series).html
5769,Rassla_Lake.html,is,Location,from,The_Legend_of_Zelda__Breath_of_the_Wild.html
5770,Rat.html,are,Enemy,in,The_Legend_of_Zelda_series.html
5771,Rat.html,are,Enemy,in,The_Legend_of_Zelda_(Series).html
5772,Rats.html,are,Enemy,in,The_Legend_of_Zelda_(Series).html
5773,Rattle.html,is,Item,from,The_Legend_of_Zelda__Skyward_Sword.html
5774,Rattle.html,is,Item,in,The_Legend_of_Zelda__Skyward_Sword.html
5775,Rauru.html,is,Character,from,The_Legend_of_Zelda__Ocarina_of_Time.html
5776,Rauru_(Town).html,is,Location,in,The_Legend_of_Zelda_(Series).html
5777,Rauru_Hillside.html,is,Location,in,The_Legend_of_Zelda__Breath_of_the_Wild.html
5778,Rauru_Hillside.html,is,Location,in,The_Legend_of_Zelda__Breath_of_the_Wild.html
5779,Rauru_Settlement_Ruins.html,are,Location,from,The_Legend_of_Zelda__Breath_of_the_Wild.html
5780,Rauru_Settlement_Ruins.html,is,Location,in,The_Legend_of_Zelda__Breath_of_the_Wild.html
5781,Rauru_Town.html,is,Location,from,Zelda_II__The_Adventure_of_Link.html
5782,Rauru_Town.html,is,Location,in,The_Legend_of_Zelda_(Series).html
5783,Raven.html,are,Enemy,in,The_Legend_of_Zelda_series.html
5784,Raven.html,are,Enemy,in,The_Legend_of_Zelda__Link%27s_Awakening.html
5785,Ravio's_Bracelet.html,is,Item,from,The_Legend_of_Zelda__A_Link_Between_Worlds.html
5786,Ravio's_Bracelet.html,is,Item,in,The_Legend_of_Zelda__A_Link_Between_Worlds.html
5787,Ravio's_Hood.html,is,Item,from,The_Legend_of_Zelda__A_Link_Between_Worlds.html
5788,Ravio's_Hood.html,is,Item,in,The_Legend_of_Zelda__A_Link_Between_Worlds.html
5789,Ravio's_Journal.html,is,Object,in,Second_Quest.html#The_Legend_of_Zelda:_A_Link_Between_Worlds
5790,Ravio's_Journal.html,is,Character,in,Link.html
5791,Ravio's_Shop.html,is,Shop,from,The_Legend_of_Zelda__A_Link_Between_Worlds.html
5792,Ravio's_Shop.html,is,Location,in,The_Legend_of_Zelda__A_Link_Between_Worlds.html
5793,Ravio.html,is,Character,from,The_Legend_of_Zelda__A_Link_Between_Worlds.html
5794,Ravio.html,is,Character,in,Link.html
5795,Raw_Bird_Drumstick.html,is,Item,from,The_Legend_of_Zelda__Breath_of_the_Wild.html
5796,Raw_Gourmet_Meat.html,is,Item,from,The_Legend_of_Zelda__Breath_of_the_Wild.html
5797,Raw_Meat.html,is,Item,from,The_Legend_of_Zelda__Breath_of_the_Wild.html
5798,Raw_Prime_Meat.html,is,Item,in,The_Legend_of_Zelda__Breath_of_the_Wild.html
5799,Raw_Whole_Bird.html,is,Item,from,The_Legend_of_Zelda__Breath_of_the_Wild.html
5800,Rayne_Highlands.html,are,Location,in,The_Legend_of_Zelda__Breath_of_the_Wild.html
5801,Razor_Seed.html,are,Item,from,The_Legend_of_Zelda__Four_Swords.html
5802,Razor_Seed.html,are,Item,in,The_Legend_of_Zelda__Four_Swords.html
5803,Razor_Sword.html,is,Sword,from,The_Legend_of_Zelda__Majora%27s_Mask.html
5804,Razor_Sword_I.html,are,Object,in,Hyrule_Warriors_Legends.html
5805,Razor_Sword_II.html,are,Object,in,Hyrule_Warriors_Legends.html
5806,Razor_Sword_III.html,are,Object,in,Hyrule_Warriors_Legends.html
5807,Razor_Sword_IV.html,are,Object,in,Hyrule_Warriors_Legends.html
5808,Razorclaw_Crab.html,is,Item,from,The_Legend_of_Zelda__Breath_of_the_Wild.html
5809,Razorshroom.html,is,Item,in,The_Legend_of_Zelda__Breath_of_the_Wild.html
5810,ReDead_Knight.html,are,Enemy,in,The_Legend_of_Zelda_series.html
5811,ReDeads.html,are,Enemy,in,The_Legend_of_Zelda_series.html
5812,ReDeads.html,are,Enemy,in,The_Legend_of_Zelda__Tri_Force_Heroes.html
5813,Reach_Zora's_Domain.html,is,Quest,in,The_Legend_of_Zelda__Breath_of_the_Wild.html
5814,Reagah.html,is,Character,in,The_Legend_of_Zelda__Breath_of_the_Wild.html
5815,Real_Bombchu.html,are,Enemy,in,The_Legend_of_Zelda_series.html
5816,Real_Bombchu.html,are,Enemy,in,The_Legend_of_Zelda_(Series).html
5817,Realm_of_Memories.html,is,Location,from,The_Legend_of_Zelda__Four_Swords.html#The_Legend_of_Zelda:_Four_Swords_Anniversary_Edition
5818,Realm_of_Memories.html,is,Stage,in,The_Legend_of_Zelda__Four_Swords_Anniversary_Edition.html
5819,Realm_of_the_Heavens_(level).html,is,Location,from,The_Legend_of_Zelda__Four_Swords_Adventures.html
5820,Realm_of_the_Heavens_(location).html,is,Location,from,The_Legend_of_Zelda__Four_Swords_Adventures.html
5821,Reaper.html,are,Enemy,in,The_Legend_of_Zelda_(Series).html
5822,Reapling.html,are,Enemy,from,The_Legend_of_Zelda__Phantom_Hourglass.html
5823,Rebonack.html,is,Boss,from,Zelda_II__The_Adventure_of_Link.html
5824,Rebonack.html,is,Boss,of,Island_Palace.html
5825,Rebonae_Bridge.html,is,Location,from,The_Legend_of_Zelda__Breath_of_the_Wild.html
5826,Rebonae_Bridge.html,is,Location,in,The_Legend_of_Zelda__Breath_of_the_Wild.html
5827,Rebonakku.html,is,Boss,of,Island_Palace.html
5828,Receptionist.html,is,Character,from,The_Legend_of_Zelda__Majora%27s_Mask.html
5829,Receptionist.html,is,Character,in,The_Legend_of_Zelda__Majora%27s_Mask.html
5830,Recital_at_Warbler's_Nest.html,is,Quest,in,The_Legend_of_Zelda__Breath_of_the_Wild.html
5831,Recorder.html,is,Item,from,Digdogger_(The_Legend_of_Zelda).html
5832,Recorder.html,is,Item,in,The_Legend_of_Zelda_(Series).html
5833,Recovery_Heart.html,are,Object,in,The_Legend_of_Zelda_(Series).html
5834,Recovery_Hearts.html,are,Object,in,The_Legend_of_Zelda_(Series).html
5835,Recruit's_Sword.html,is,Sword,from,The_Legend_of_Zelda__Spirit_Tracks.html
5836,Recruit's_Sword.html,is,Sword,from,The_Legend_of_Zelda__Spirit_Tracks.html
5837,Recruit_Uniform.html,is,Item,from,The_Legend_of_Zelda__Spirit_Tracks.html
5838,Red_Bokoblin.html,are,Enemy,in,The_Legend_of_Zelda_series.html
5839,Red_Bokoblin.html,are,Enemy,in,The_Legend_of_Zelda_(Series).html
5840,Red_Candle.html,is,Item,from,The_Legend_of_Zelda.html
5841,Red_Candle.html,is,Item,in,The_Legend_of_Zelda_(Game).html
5842,Red_Cannon.html,are,Object,in,The_Legend_of_Zelda__Phantom_Hourglass.html
5843,Red_Chu_Jelly.html,is,Item,in,The_Legend_of_Zelda_(Series).html
5844,Red_Chuchu_Jelly.html,is,Item,from,The_Legend_of_Zelda__Breath_of_the_Wild.html
5845,Red_Clothes.html,are,Item,from,The_Legend_of_Zelda__Link%27s_Awakening.html#The_Legend_of_Zelda:_Link.27s_Awakening_DX
5846,Red_Dark_Nut.html,are,Boss,in,The_Legend_of_Zelda__The_Minish_Cap.html
5847,Red_Dye.html,are,Object,in,The_Legend_of_Zelda__Breath_of_the_Wild.html
5848,Red_Emblem.html,are,Object,from,The_Legend_of_Zelda__Majora%27s_Mask.html
5849,Red_Guide_Book.html,is,Item,from,The_Legend_of_Zelda__The_Wind_Waker.html
5850,Red_Ice.html,is,Object,from,The_Legend_of_Zelda__Ocarina_of_Time.html
5851,Red_Ice.html,is,Object,in,The_Legend_of_Zelda__Ocarina_of_Time.html
5852,Red_Knight.html,is,Character,from,The_Legend_of_Zelda__Four_Swords_Adventures.html
5853,Red_Lizalfos_Tail.html,is,Item,from,The_Legend_of_Zelda__Breath_of_the_Wild.html
5854,Red_Mail.html,is,Item,in,The_Legend_of_Zelda_series.html
5855,Red_Ore.html,are,Item,in,The_Legend_of_Zelda__Oracle_of_Seasons.html
5856,Red_Potion.html,is,Item,in,The_Legend_of_Zelda_series.html
5857,Red_Ring.html,is,Item,in,The_Legend_of_Zelda_series.html
5858,Red_Ring.html,is,Item,in,The_Legend_of_Zelda_(Series).html
5859,Red_Shield.html,is,Shield,from,The_Legend_of_Zelda__A_Link_to_the_Past.html
5860,Red_Ting.html,is,Item,from,The_Legend_of_Zelda__The_Wind_Waker.html
5861,Red_Wheel.html,are,Object,in,The_Legend_of_Zelda__Phantom_Hourglass.html
5862,Redeads-2.html,are,Enemy,in,The_Legend_of_Zelda__Tri_Force_Heroes.html
5863,Ree_Dahee.html,is,Character,from,The_Legend_of_Zelda__Breath_of_the_Wild.html
5864,Ree_Dahee_Shrine.html,is,Shrine,from,The_Legend_of_Zelda__Breath_of_the_Wild.html
5865,Reesong_Palace.html,is,Location,in,Zelda__The_Wand_of_Gamelon.html
5866,Reeza.html,is,Character,in,The_Legend_of_Zelda__Breath_of_the_Wild.html
5867,Reeza.html,is,Character,in,The_Legend_of_Zelda__Breath_of_the_Wild.html
5868,Reflecting_Shield.html,is,Item,in,Link__The_Faces_of_Evil.html
5869,Regal_Necklace.html,is,Item,from,The_Legend_of_Zelda__Phantom_Hourglass.html
5870,Regal_Necklace.html,is,Item,in,The_Legend_of_Zelda__Phantom_Hourglass.html
5871,Regal_Ring.html,are,Item,in,The_Legend_of_Zelda_series.html
5872,Regal_Ring.html,are,Item,in,The_Legend_of_Zelda_(Series).html
5873,Regan.html,is,Character,from,The_Legend_of_Zelda__Breath_of_the_Wild.html
5874,Regencia_River.html,is,Location,from,The_Legend_of_Zelda__Breath_of_the_Wild.html
5875,Reinforced_Lizal_Bow.html,is,Item,from,The_Legend_of_Zelda__Breath_of_the_Wild.html
5876,Reinforced_Lizal_Shield.html,is,Item,in,The_Legend_of_Zelda__Breath_of_the_Wild.html
5877,Reinforced_Shield.html,is,Shield,from,The_Legend_of_Zelda__Skyward_Sword.html
5878,Rem's_Shoe_Shop.html,is,Shop,from,The_Legend_of_Zelda__The_Minish_Cap.html
5879,Rem's_Shoe_Store.html,is,Location,in,The_Legend_of_Zelda__The_Minish_Cap.html
5880,Rem.html,is,Character,from,The_Legend_of_Zelda__The_Minish_Cap.html
5881,Remote_Bomb.html,are,Item,in,The_Legend_of_Zelda_series.html
5882,Remote_Bomb.html,are,Item,in,The_Legend_of_Zelda_(Series).html
5883,Remote_Bomb_Rune.html,are,Item,in,The_Legend_of_Zelda_series.html
5884,Remote_Bomb_Rune.html,are,Item,in,The_Legend_of_Zelda_(Series).html
5885,Renado's_Letter.html,is,Item,in,The_Legend_of_Zelda__Twilight_Princess.html
5886,Renado.html,is,Character,in,The_Legend_of_Zelda__Twilight_Princess.html
5887,Rensa.html,is,Character,from,The_Legend_of_Zelda__Breath_of_the_Wild.html
5888,Rensa.html,is,Character,in,The_Legend_of_Zelda__Breath_of_the_Wild.html
5889,Rented_Bomb.html,is,Location,in,The_Legend_of_Zelda__A_Link_Between_Worlds.html
5890,Rented_Bombs.html,is,Location,in,The_Legend_of_Zelda__A_Link_Between_Worlds.html
5891,Rented_Boomerang.html,is,Location,in,The_Legend_of_Zelda__A_Link_Between_Worlds.html
5892,Rented_Bow.html,is,Location,in,The_Legend_of_Zelda__A_Link_Between_Worlds.html
5893,Rented_Fire_Rod.html,is,Location,in,The_Legend_of_Zelda__A_Link_Between_Worlds.html
5894,Rented_Hammer.html,is,Location,in,The_Legend_of_Zelda__A_Link_Between_Worlds.html
5895,Rented_Hookshot.html,is,Location,in,The_Legend_of_Zelda__A_Link_Between_Worlds.html
5896,Rented_Ice_Rod.html,is,Location,in,The_Legend_of_Zelda__A_Link_Between_Worlds.html
5897,Rented_Sand_Rod.html,is,Location,in,The_Legend_of_Zelda__A_Link_Between_Worlds.html
5898,Rented_Tornado_Rod.html,is,Location,in,The_Legend_of_Zelda__A_Link_Between_Worlds.html
5899,Requiem_of_Spirit.html,is,Song,from,The_Legend_of_Zelda__Ocarina_of_Time.html
5900,Requiem_of_Spirit.html,is,Song,in,The_Legend_of_Zelda_(Series).html
5901,Rescue_Knights.html,are,Group,from,The_Legend_of_Zelda__Skyward_Sword.html
5902,Restoration_Wall.html,is,Location,in,The_Legend_of_Zelda__Oracle_of_Ages.html
5903,Retsam_Forest.html,is,Location,from,The_Legend_of_Zelda__Breath_of_the_Wild.html
5904,Revali's_Gale.html,is,Item,from,The_Legend_of_Zelda__Breath_of_the_Wild.html
5905,Revali's_Landing.html,is,Location,from,The_Legend_of_Zelda__Breath_of_the_Wild.html
5906,Revali.html,is,Character,in,Princess_Zelda.html#The_Legend_of_Zelda:_Breath_of_the_Wild
5907,Revali.html,is,Character,in,The_Legend_of_Zelda__Breath_of_the_Wild.html
5908,Revitalizing_Potion.html,is,Item,from,The_Legend_of_Zelda__Skyward_Sword.html
5909,Rex.html,is,Character,in,The_Legend_of_Zelda__Breath_of_the_Wild.html
5910,Rhinobird.html,are,Enemy,in,The_Legend_of_Zelda_(Series).html
5911,Rhoam_Bosphoramus_Hyrule.html,is,Character,from,The_Legend_of_Zelda__Breath_of_the_Wild.html
5912,Rhodes.html,is,Character,in,The_Legend_of_Zelda__Breath_of_the_Wild.html
5913,Rhondson.html,is,Character,in,The_Legend_of_Zelda__Breath_of_the_Wild.html
5914,Rhondson.html,is,Character,in,The_Legend_of_Zelda__Breath_of_the_Wild.html
5915,Rhondson_Armor_Boutique.html,is,Shop,in,The_Legend_of_Zelda__Breath_of_the_Wild.html
5916,Ribbon.html,is,Item,in,The_Legend_of_Zelda_series.html
5917,Richard's_Villa.html,is,Location,from,The_Legend_of_Zelda__Link%27s_Awakening.html
5918,Richard.html,is,Character,in,The_Legend_of_Zelda__Link%27s_Awakening.html
5919,Richard_(Link's_Awakening).html,is,Character,from,The_Legend_of_Zelda__Link%27s_Awakening.html
5920,Richard_(Ocarina_of_Time).html,is,Character,from,The_Legend_of_Zelda__Ocarina_of_Time.html
5921,Ricky's_Flute.html,is,Item,in,The_Legend_of_Zelda__Oracle_of_Ages.html
5922,Ricky's_Gloves.html,are,Item,from,The_Legend_of_Zelda__Oracle_of_Seasons.html
5923,Ricky.html,is,Character,in,Oracle_Series.html
5924,Riddles_of_Hyrule.html,is,Quest,from,The_Legend_of_Zelda__Breath_of_the_Wild.html
5925,Ridgeland_Tower.html,is,Location,in,The_Legend_of_Zelda__Breath_of_the_Wild.html
5926,Riju.html,is,Character,from,The_Legend_of_Zelda__Breath_of_the_Wild.html
5927,Riju.html,is,Character,in,The_Legend_of_Zelda__Breath_of_the_Wild.html
5928,Rik.html,is,Character,in,The_Legend_of_Zelda__Breath_of_the_Wild.html
5929,Rikoka_Hills.html,are,Location,from,The_Legend_of_Zelda__Breath_of_the_Wild.html
5930,Rima.html,is,Character,in,The_Legend_of_Zelda__Breath_of_the_Wild.html
5931,Rima.html,is,Character,in,The_Legend_of_Zelda__Breath_of_the_Wild.html
5932,Rimba_Beach.html,is,Location,from,The_Legend_of_Zelda__Breath_of_the_Wild.html
5933,Rin_Oyaa.html,is,Character,from,The_Legend_of_Zelda__Breath_of_the_Wild.html
5934,Rin_Oyaa_Shrine.html,is,Shrine,from,The_Legend_of_Zelda__Breath_of_the_Wild.html
5935,Ring_Appendix.html,are,Item,in,The_Legend_of_Zelda__Oracle_of_Ages.html
5936,Ring_Box.html,is,Item,in,The_Legend_of_Zelda__Oracle_of_Ages.html
5937,Ring_Box_L-2.html,is,Item,in,The_Legend_of_Zelda__Oracle_of_Ages.html
5938,Ring_Box_L-3.html,is,Item,in,The_Legend_of_Zelda__Oracle_of_Ages.html
5939,Rinu_Honika.html,is,Character,from,The_Legend_of_Zelda__Breath_of_the_Wild.html
5940,Rinu_Honika_Shrine.html,is,Shrine,from,The_Legend_of_Zelda__Breath_of_the_Wild.html
5941,Riola_Spring.html,is,Location,in,The_Legend_of_Zelda__Breath_of_the_Wild.html
5942,Rioma.html,is,Character,in,The_Legend_of_Zelda__Twilight_Princess_(Himekawa).html
5943,Ripp.html,is,Character,in,The_Legend_of_Zelda__Breath_of_the_Wild.html
5944,Ripp.html,is,Character,in,The_Legend_of_Zelda__Breath_of_the_Wild.html
5945,Risa.html,is,Character,from,The_Legend_of_Zelda__Breath_of_the_Wild.html
5946,Risa.html,is,Character,in,The_Legend_of_Zelda__Breath_of_the_Wild.html
5947,Rishu.html,is,Character,from,The_Legend_of_Zelda__Oracle_of_Seasons_(Himekawa).html
5948,Risoka_Snowfield.html,is,Location,in,The_Legend_of_Zelda__Breath_of_the_Wild.html
5949,Risoka_Snowfield.html,is,Location,in,The_Legend_of_Zelda__Breath_of_the_Wild.html
5950,Rist_Peninsula.html,is,Location,in,The_Legend_of_Zelda__Breath_of_the_Wild.html
5951,Ritaag_Zumo.html,is,Character,from,The_Legend_of_Zelda__Breath_of_the_Wild.html
5952,Ritaag_Zumo_Shrine.html,is,Shrine,from,The_Legend_of_Zelda__Breath_of_the_Wild.html
5953,Rito_Chieftain.html,is,Character,from,The_Legend_of_Zelda__The_Wind_Waker.html
5954,Rito_Stable.html,is,Location,in,The_Legend_of_Zelda__Breath_of_the_Wild.html
5955,Rito_Village.html,is,Location,from,The_Legend_of_Zelda__Breath_of_the_Wild.html
5956,Rivan.html,is,Character,in,The_Legend_of_Zelda__Breath_of_the_Wild.html
5957,Rivan.html,is,Character,in,The_Legend_of_Zelda__Breath_of_the_Wild.html
5958,River_Devil.html,is,Enemy,from,Zelda_II__The_Adventure_of_Link.html
5959,River_Man.html,is,Character,from,Zelda_II__The_Adventure_of_Link.html
5960,River_Man.html,is,Character,from,Zelda_II__The_Adventure_of_Link.html
5961,River_Source_Pond.html,is,Location,in,Plain_of_Andor.html
5962,River_of_Sand.html,is,Location,from,The_Legend_of_Zelda__Ocarina_of_Time.html
5963,Riverbed_Reward.html,is,Quest,in,The_Legend_of_Zelda__Breath_of_the_Wild.html
5964,Riverside.html,are,Location,in,The_Legend_of_Zelda__Tri_Force_Heroes.html
5965,Riverside_Stable.html,is,Location,from,The_Legend_of_Zelda__Breath_of_the_Wild.html
5966,Road_to_Ikana.html,is,Location,from,The_Legend_of_Zelda__Majora%27s_Mask.html
5967,Road_to_Ikana.html,is,Location,in,The_Legend_of_Zelda__Majora%27s_Mask.html
5968,Road_to_Southern_Swamp.html,is,Location,in,The_Legend_of_Zelda__Majora%27s_Mask.html
5969,Roasted_Acorn.html,is,Item,from,The_Legend_of_Zelda__Breath_of_the_Wild.html
5970,Roasted_Armoranth.html,is,Item,from,The_Legend_of_Zelda__Breath_of_the_Wild.html
5971,Roasted_Bass.html,is,Item,from,The_Legend_of_Zelda__Breath_of_the_Wild.html
5972,Roasted_Big_Radish.html,is,Item,from,The_Legend_of_Zelda__Breath_of_the_Wild.html
5973,Roasted_Bird_Drumstick.html,is,Item,from,The_Legend_of_Zelda__Breath_of_the_Wild.html
5974,Roasted_Bird_Thigh.html,is,Item,from,The_Legend_of_Zelda__Breath_of_the_Wild.html
5975,Roasted_Carp.html,is,Item,from,The_Legend_of_Zelda__Breath_of_the_Wild.html
5976,Roasted_Endura_Carrot.html,is,Item,from,The_Legend_of_Zelda__Breath_of_the_Wild.html
5977,Roasted_Hearty_Bass.html,is,Item,from,The_Legend_of_Zelda__Breath_of_the_Wild.html
5978,Roasted_Hearty_Durian.html,is,Item,from,The_Legend_of_Zelda__Breath_of_the_Wild.html
5979,Roasted_Hearty_Salmon.html,is,Item,from,The_Legend_of_Zelda__Breath_of_the_Wild.html
5980,Roasted_Hydromelon.html,is,Item,from,The_Legend_of_Zelda__Breath_of_the_Wild.html
5981,Roasted_Lotus_Seeds.html,is,Item,from,The_Legend_of_Zelda__Breath_of_the_Wild.html
5982,Roasted_Mighty_Bananas.html,is,Item,from,The_Legend_of_Zelda__Breath_of_the_Wild.html
5983,Roasted_Mighty_Thistle.html,is,Item,from,The_Legend_of_Zelda__Breath_of_the_Wild.html
5984,Roasted_Porgy.html,is,Item,from,The_Legend_of_Zelda__Breath_of_the_Wild.html
5985,Roasted_Radish.html,is,Item,from,The_Legend_of_Zelda__Breath_of_the_Wild.html
5986,Roasted_Swift_Carrot.html,is,Item,from,The_Legend_of_Zelda__Breath_of_the_Wild.html
5987,Roasted_Tree_Nut.html,is,Item,from,The_Legend_of_Zelda__Breath_of_the_Wild.html
5988,Roasted_Trout.html,is,Item,from,The_Legend_of_Zelda__Breath_of_the_Wild.html
5989,Roasted_Voltfruit.html,is,Item,from,The_Legend_of_Zelda__Breath_of_the_Wild.html
5990,Roasted_Whole_Bird.html,is,Item,from,The_Legend_of_Zelda__Breath_of_the_Wild.html
5991,Roasted_Wildberry.html,is,Item,from,The_Legend_of_Zelda__Breath_of_the_Wild.html
5992,Robbie's_Memoirs.html,is,Item,from,The_Legend_of_Zelda__Breath_of_the_Wild.html
5993,Robbie's_Research.html,is,Quest,in,The_Legend_of_Zelda__Breath_of_the_Wild.html
5994,Robbie's_Research.html,is,Quest,in,The_Legend_of_Zelda__Breath_of_the_Wild.html
5995,Robbie.html,is,Character,from,The_Legend_of_Zelda__Breath_of_the_Wild.html
5996,Robbie.html,is,Character,in,The_Legend_of_Zelda__Breath_of_the_Wild.html
5997,Robeless_Salona.html,is,Character,from,Freshly-Picked_Tingle%27s_Rosy_Rupeeland.html
5998,Robred_Dropoff.html,is,Location,in,The_Legend_of_Zelda__Breath_of_the_Wild.html
5999,Robsten.html,is,Character,in,The_Legend_of_Zelda__Breath_of_the_Wild.html
6000,Robsten.html,is,Character,in,The_Legend_of_Zelda__Breath_of_the_Wild.html
6001,Roc's_Cape.html,is,Item,in,The_Legend_of_Zelda_series.html
6002,Roc's_Cape.html,is,Item,in,The_Legend_of_Zelda_(Series).html
6003,Roc's_Feather.html,is,Item,in,The_Legend_of_Zelda_series.html
6004,Roc's_Feather.html,is,Item,in,The_Legend_of_Zelda_(Series).html
6005,Roc_Boots.html,are,Item,in,Zelda_II__The_Adventure_of_Link.html
6006,Roc_Cape.html,is,Item,in,The_Legend_of_Zelda_(Series).html
6007,Roc_Feather.html,is,Item,in,The_Legend_of_Zelda_(Series).html
6008,Rock-Hard_Food.html,is,Item,from,The_Legend_of_Zelda__Breath_of_the_Wild.html
6009,Rock_Breaker.html,are,Item,in,The_Legend_of_Zelda__The_Minish_Cap.html
6010,Rock_ChuChu.html,are,Enemy,in,The_Legend_of_Zelda_series.html
6011,Rock_Flower.html,are,Object,from,The_Legend_of_Zelda__Oracle_of_Seasons.html
6012,Rock_Mushroom.html,are,Object,from,The_Legend_of_Zelda__Oracle_of_Seasons.html
6013,Rock_Mushroom.html,are,Item,in,The_Legend_of_Zelda_(Series).html
6014,Rock_Octorok.html,are,Enemy,in,The_Legend_of_Zelda__Breath_of_the_Wild.html
6015,Rock_Octorok.html,are,Enemy,in,The_Legend_of_Zelda_(Series).html
6016,Rock_Roast.html,are,Item,in,The_Legend_of_Zelda__Breath_of_the_Wild.html
6017,Rock_Roast.html,are,Object,in,The_Legend_of_Zelda__Breath_of_the_Wild.html
6018,Rock_Salt.html,is,Item,from,The_Legend_of_Zelda__Breath_of_the_Wild.html
6019,Rock_Salt.html,are,Item,in,The_Legend_of_Zelda__Breath_of_the_Wild.html
6020,Rock_Sirloin.html,are,Item,in,The_Legend_of_Zelda__Breath_of_the_Wild.html
6021,Rock_Sirloin.html,are,Object,in,The_Legend_of_Zelda_(Series).html
6022,Rock_Wheel.html,are,Object,in,The_Legend_of_Zelda__Phantom_Hourglass.html
6023,Rock_sirloin-2.html,are,Object,in,The_Legend_of_Zelda_(Series).html
6024,Rocklops.html,are,Enemy,in,The_Legend_of_Zelda_(Series).html
6025,Rod_of_Seasons.html,is,Item,of,Seasons.html
6026,Rod_of_the_Heavens.html,is,Item,in,The_Legend_of_Zelda_(Series).html
6027,Rodai_Lake.html,is,Location,from,The_Legend_of_Zelda__Breath_of_the_Wild.html
6028,Rogaro.html,is,Character,from,The_Legend_of_Zelda__Breath_of_the_Wild.html
6029,Rogaro.html,is,Character,in,The_Legend_of_Zelda__Breath_of_the_Wild.html
6030,Rogue_Force.html,are,Group,in,Hyrule_Warriors.html
6031,Rogue_Forces.html,are,Group,in,Hyrule_Warriors.html
6032,Rohan.html,is,Character,from,The_Legend_of_Zelda__Breath_of_the_Wild.html
6033,Rohan.html,is,Character,in,The_Legend_of_Zelda__Breath_of_the_Wild.html
6034,Rohta_Chigah.html,is,Character,from,The_Legend_of_Zelda__Breath_of_the_Wild.html
6035,Rohta_Chigah_Shrine.html,is,Shrine,from,The_Legend_of_Zelda__Breath_of_the_Wild.html
6036,Rok_Uwog.html,is,Character,from,The_Legend_of_Zelda__Breath_of_the_Wild.html
6037,Rok_Uwog_Shrine.html,is,Shrine,from,The_Legend_of_Zelda__Breath_of_the_Wild.html
6038,Rok_Woods.html,are,Location,in,The_Legend_of_Zelda__Breath_of_the_Wild.html
6039,Rok_Woods.html,are,Location,in,The_Legend_of_Zelda__Breath_of_the_Wild.html
6040,Rola.html,is,Character,from,The_Legend_of_Zelda__Breath_of_the_Wild.html
6041,Rolf.html,is,Character,from,The_Legend_of_Zelda__The_Minish_Cap.html
6042,Rollin'_Inn.html,is,Location,in,The_Legend_of_Zelda__Breath_of_the_Wild.html
6043,Rolling_Bones.html,is,Boss,in,The_Legend_of_Zelda__Link%27s_Awakening.html
6044,Rollobite.html,are,Enemy,from,The_Legend_of_Zelda__The_Minish_Cap.html
6045,Romah.html,is,Character,in,The_Legend_of_Zelda__Breath_of_the_Wild.html
6046,Romah.html,is,Character,in,The_Legend_of_Zelda__Breath_of_the_Wild.html
6047,Romani's_Mask.html,is,Mask,from,The_Legend_of_Zelda__Majora%27s_Mask.html
6048,Romani's_Mask.html,is,Mask,from,The_Legend_of_Zelda__Majora%27s_Mask.html
6049,Romani's_Mask.html,is,Mask,in,The_Legend_of_Zelda__Majora%27s_Mask.html
6050,Romani's_Ranch.html,is,Location,in,The_Legend_of_Zelda__Majora%27s_Mask.html
6051,Romani.html,is,Character,from,The_Legend_of_Zelda__Majora%27s_Mask.html
6052,Romani.html,is,Character,in,The_Legend_of_Zelda__Majora%27s_Mask.html
6053,Romani_Mask.html,is,Mask,in,The_Legend_of_Zelda__Majora%27s_Mask.html
6054,Romani_Plains.html,are,Location,from,The_Legend_of_Zelda__Breath_of_the_Wild.html
6055,Romani_Ranch.html,is,Location,from,The_Legend_of_Zelda__Ocarina_of_Time.html
6056,Romani_Ranch.html,is,Location,in,The_Legend_of_Zelda__Majora%27s_Mask.html
6057,Romanos's_Mother.html,is,Character,from,The_Legend_of_Zelda__Phantom_Hourglass.html
6058,Romanos.html,is,Character,from,The_Legend_of_Zelda__Phantom_Hourglass.html
6059,Romanos.html,is,Character,in,The_Legend_of_Zelda__Phantom_Hourglass.html
6060,Romantic_Fishing.html,is,Quest,in,The_Legend_of_Zelda__Phantom_Hourglass.html
6061,Romio.html,is,Character,from,The_Legend_of_Zelda__The_Minish_Cap.html
6062,Rona_Kachta.html,is,Character,from,The_Legend_of_Zelda__Breath_of_the_Wild.html
6063,Rona_Kachta_Shrine.html,is,Shrine,from,The_Legend_of_Zelda__Breath_of_the_Wild.html
6064,Ronn.html,is,Character,in,The_Legend_of_Zelda__Breath_of_the_Wild.html
6065,Ronny.html,is,Character,from,Freshly-Picked_Tingle%27s_Rosy_Rupeeland.html
6066,Room_Key.html,is,Item,from,The_Legend_of_Zelda__Majora%27s_Mask.html
6067,Room_Key.html,is,Item,in,The_Legend_of_Zelda__Majora%27s_Mask.html
6068,Ropa.html,is,Enemy,in,The_Legend_of_Zelda__Four_Swords_Adventures.html
6069,Rope.html,are,Enemy,in,The_Legend_of_Zelda_series.html
6070,Rope.html,are,Enemy,in,The_Legend_of_Zelda__Spirit_Tracks.html
6071,Rope_Snake.html,are,Enemy,in,The_Legend_of_Zelda__Spirit_Tracks.html
6072,Roperi's_Mother.html,is,Character,in,The_Legend_of_Zelda__Oracle_of_Ages_(Himekawa).html
6073,Roperi.html,is,Character,in,The_Legend_of_Zelda__Oracle_of_Ages_(Himekawa).html
6074,Ropes.html,are,Enemy,in,The_Legend_of_Zelda__Spirit_Tracks.html
6075,Rosa.html,is,Character,in,Oracle_Series.html
6076,Rosa_Sisters.html,are,Character,from,The_Legend_of_Zelda__Majora%27s_Mask.html
6077,Rose.html,is,Character,from,The_Legend_of_Zelda__The_Wind_Waker.html
6078,Rospro_Pass.html,is,Location,in,The_Legend_of_Zelda__Breath_of_the_Wild.html
6079,Rosso's_Ore_Mine.html,is,Location,from,The_Legend_of_Zelda__A_Link_Between_Worlds.html
6080,Rosso's_Ore_Mine.html,is,Location,in,The_Legend_of_Zelda__A_Link_Between_Worlds.html
6081,Rosso.html,is,Character,from,The_Legend_of_Zelda__A_Link_Between_Worlds.html
6082,Rosso.html,is,Character,in,Sage.html#A_Link_Between_Worlds
6083,Rota_Ooh.html,is,Character,from,The_Legend_of_Zelda__Breath_of_the_Wild.html
6084,Rota_Ooh_Shrine.html,is,Shrine,from,The_Legend_of_Zelda__Breath_of_the_Wild.html
6085,Rota_Ooh_Shrine.html,is,Shrine,in,The_Legend_of_Zelda__Breath_of_the_Wild.html
6086,Rotana.html,is,Character,in,The_Legend_of_Zelda__Breath_of_the_Wild.html
6087,Rotana.html,is,Character,in,The_Legend_of_Zelda__Breath_of_the_Wild.html
6088,Rotating_Green_Laser_Statue.html,are,Enemy,in,The_Legend_of_Zelda_(Series).html
6089,Rotten_Rat.html,are,Enemy,in,The_Legend_of_Zelda_(Series).html
6090,Round_Crystal.html,are,Object,in,The_Legend_of_Zelda_(Series).html
6091,Round_Jewel.html,are,Item,in,The_Legend_of_Zelda__Oracle_of_Seasons.html
6092,Rowan_Plain.html,is,Location,from,The_Legend_of_Zelda__Breath_of_the_Wild.html
6093,Rowan_Plain.html,is,Location,in,The_Legend_of_Zelda__Breath_of_the_Wild.html
6094,Rown.html,is,Character,from,The_Legend_of_Zelda__The_Wind_Waker.html
6095,Rown.html,is,Character,in,The_Legend_of_Zelda__The_Wind_Waker.html
6096,Royal_Ancient_Lab_Ruins.html,are,Location,from,The_Legend_of_Zelda__Breath_of_the_Wild.html
6097,Royal_Ancient_Tech_Lab.html,are,Location,from,The_Legend_of_Zelda__Breath_of_the_Wild.html
6098,Royal_Bow.html,is,Item,from,The_Legend_of_Zelda__Breath_of_the_Wild.html
6099,Royal_Bow.html,is,Item,throughout,The_Legend_of_Zelda__The_Wind_Waker.html
6100,Royal_Bow.html,is,Item,throughout,The_Legend_of_Zelda__The_Wind_Waker.html
6101,Royal_Bridle.html,is,Item,from,The_Legend_of_Zelda__Breath_of_the_Wild.html
6102,Royal_Broadsword.html,is,Item,from,The_Legend_of_Zelda__Breath_of_the_Wild.html
6103,Royal_Broadsword.html,are,Weapon,in,The_Legend_of_Zelda__Breath_of_the_Wild.html
6104,Royal_Chamber.html,is,Location,from,The_Legend_of_Zelda__Majora%27s_Mask.html
6105,Royal_Chamber.html,is,Location,in,The_Legend_of_Zelda__Majora%27s_Mask.html
6106,Royal_Claymore.html,is,Item,from,The_Legend_of_Zelda__Breath_of_the_Wild.html
6107,Royal_Crypt.html,is,Dungeon,from,The_Legend_of_Zelda__The_Minish_Cap.html
6108,Royal_Crypt.html,is,Dungeon,in,The_Legend_of_Zelda__The_Minish_Cap.html
6109,Royal_Dominion_Rod.html,is,Item,in,The_Legend_of_Zelda_(Series).html
6110,Royal_Dominion_Rod_+.html,is,Item,in,The_Legend_of_Zelda_(Series).html
6111,Royal_Engineer's_Certificate.html,is,Item,in,The_Legend_of_Zelda__Spirit_Tracks.html
6112,Royal_Family's_Tomb.html,is,Location,from,The_Legend_of_Zelda__Ocarina_of_Time.html
6113,Royal_Family's_Tomb.html,is,Location,in,The_Legend_of_Zelda_(Series).html
6114,Royal_Guard's_Bow.html,is,Item,from,The_Legend_of_Zelda__Breath_of_the_Wild.html
6115,Royal_Guard's_Claymore.html,is,Item,from,The_Legend_of_Zelda__Breath_of_the_Wild.html
6116,Royal_Guard's_Shield.html,is,Item,from,The_Legend_of_Zelda__Breath_of_the_Wild.html
6117,Royal_Guard's_Spear.html,is,Item,from,The_Legend_of_Zelda__Breath_of_the_Wild.html
6118,Royal_Guard's_Sword.html,is,Item,from,The_Legend_of_Zelda__Breath_of_the_Wild.html
6119,Royal_Guard_Boots.html,are,Item,from,The_Legend_of_Zelda__Breath_of_the_Wild.html
6120,Royal_Guard_Cap.html,is,Item,from,The_Legend_of_Zelda__Breath_of_the_Wild.html
6121,Royal_Guard_Uniform.html,is,Item,from,The_Legend_of_Zelda__Breath_of_the_Wild.html
6122,Royal_Halberd.html,is,Item,from,The_Legend_of_Zelda__Breath_of_the_Wild.html
6123,Royal_Halberd.html,are,Weapon,in,The_Legend_of_Zelda__Breath_of_the_Wild.html
6124,Royal_Hyrule_Library.html,is,Location,from,The_Legend_of_Zelda__The_Minish_Cap.html
6125,Royal_Hyrule_Library.html,is,Location,in,The_Legend_of_Zelda__The_Minish_Cap.html
6126,Royal_Jewel.html,are,Item,from,The_Legend_of_Zelda__The_Minish_Cap.html
6127,Royal_Jewels.html,are,Item,from,The_Legend_of_Zelda__The_Minish_Cap.html
6128,Royal_Saddle.html,is,Item,from,The_Legend_of_Zelda__Breath_of_the_Wild.html
6129,Royal_Shield.html,is,Item,from,Knights_of_Hyrule.html#The_Legend_of_Zelda:_Breath_of_the_Wild
6130,Royal_Tomb.html,is,Location,in,The_Legend_of_Zelda_(Series).html
6131,Royal_Valley.html,is,Location,from,The_Legend_of_Zelda__The_Minish_Cap.html
6132,Rozel.html,is,Character,in,The_Legend_of_Zelda__Breath_of_the_Wild.html
6133,Rubber_Armor.html,is,Item,from,The_Legend_of_Zelda__Breath_of_the_Wild.html
6134,Rubber_Helm.html,is,Item,from,The_Legend_of_Zelda__Breath_of_the_Wild.html
6135,Rubber_Tights.html,is,Item,from,The_Legend_of_Zelda__Breath_of_the_Wild.html
6136,Ruby_Circlet.html,is,Item,from,The_Legend_of_Zelda__Breath_of_the_Wild.html
6137,Ruby_Circlet.html,is,Item,in,The_Legend_of_Zelda__Breath_of_the_Wild.html
6138,Ruby_Tablet.html,is,Item,in,The_Legend_of_Zelda__Skyward_Sword.html
6139,Rucco_Maag.html,is,Character,from,The_Legend_of_Zelda__Breath_of_the_Wild.html
6140,Rucco_Maag_Shrine.html,is,Shrine,from,The_Legend_of_Zelda__Breath_of_the_Wild.html
6141,Rudania's_Emblem.html,is,Item,from,The_Legend_of_Zelda__Ocarina_of_Time.html
6142,Rudi.html,is,Character,from,The_Legend_of_Zelda__Breath_of_the_Wild.html
6143,Rugged_Rhino_Beetle.html,is,Item,from,The_Legend_of_Zelda__Breath_of_the_Wild.html
6144,Ruined_Keep.html,is,Dungeon,in,The_Legend_of_Zelda__Oracle_of_Seasons.html
6145,Ruli.html,is,Character,in,The_Legend_of_Zelda__Breath_of_the_Wild.html
6146,Rumor_Guy.html,is,Character,from,The_Legend_of_Zelda__A_Link_Between_Worlds.html
6147,Rumor_Guy.html,is,Character,in,The_Legend_of_Zelda__A_Link_Between_Worlds.html
6148,Runaway_Item_Seller.html,is,Character,from,The_Legend_of_Zelda__A_Link_Between_Worlds.html
6149,Runaway_Item_Seller.html,is,Character,in,The_Legend_of_Zelda__A_Link_Between_Worlds.html
6150,Rune.html,are,Item,in,The_Legend_of_Zelda__Breath_of_the_Wild.html
6151,Running_Man.html,is,Character,from,The_Legend_of_Zelda__Ocarina_of_Time.html
6152,Running_Man.html,is,Character,in,The_Legend_of_Zelda_(Series).html
6153,Rupee_(Boss).html,is,Character,in,Rupeeland.html
6154,Rupee_Good.html,are,Item,in,Freshly-Picked_Tingle%27s_Rosy_Rupeeland.html
6155,Rupee_Goods.html,are,Item,from,Freshly-Picked_Tingle%27s_Rosy_Rupeeland.html
6156,Rupee_Goods.html,are,Item,in,Freshly-Picked_Tingle%27s_Rosy_Rupeeland.html
6157,Rupee_Like.html,are,Enemy,in,The_Legend_of_Zelda_series.html
6158,Rupee_Medal.html,are,Item,from,The_Legend_of_Zelda__Skyward_Sword.html
6159,Rupee_Medal.html,are,Item,in,The_Legend_of_Zelda_(Series).html
6160,Rupee_Ore.html,are,Object,from,The_Legend_of_Zelda__Skyward_Sword.html
6161,Rupee_Poster.html,is,Item,from,Tower_(Freshly-Picked_Tingle%27s_Rosy_Rupeeland).html
6162,Rupee_Shrine.html,is,Location,from,Tower_(Freshly-Picked_Tingle%27s_Rosy_Rupeeland).html
6163,Rupee_Tree.html,is,Item,from,Freshly-Picked_Tingle%27s_Rosy_Rupeeland.html
6164,Rupee_Wraith.html,are,Enemy,in,The_Legend_of_Zelda_series.html
6165,Rupee_Wraith.html,are,Enemy,in,The_Legend_of_Zelda__Four_Swords.html
6166,Rupin.html,is,Character,from,The_Legend_of_Zelda__Skyward_Sword.html
6167,Rupin.html,is,Character,in,The_Legend_of_Zelda__Skyward_Sword.html
6168,Rupoor.html,are,Item,in,The_Legend_of_Zelda_series.html
6169,Rus.html,is,Character,by,The_Legend_of_Zelda_comics.html
6170,Rushroom.html,is,Item,from,The_Legend_of_Zelda__Breath_of_the_Wild.html
6171,Rushroom.html,are,Item,in,The_Legend_of_Zelda__Breath_of_the_Wild.html
6172,Rusl.html,is,Character,in,The_Legend_of_Zelda__Twilight_Princess.html
6173,Russ.html,is,Character,in,The_Legend_of_Zelda__Breath_of_the_Wild.html
6174,Russell.html,is,Character,from,The_Legend_of_Zelda__Spirit_Tracks.html
6175,Russell.html,is,Character,in,The_Legend_of_Zelda__Spirit_Tracks.html
6176,Rusta.html,is,Character,from,The_Legend_of_Zelda__Skyward_Sword.html
6177,Rusta.html,is,Character,in,The_Legend_of_Zelda__Skyward_Sword.html
6178,Rusty_Broadsword.html,is,Item,in,The_Legend_of_Zelda__Breath_of_the_Wild.html
6179,Rusty_Broadsword.html,are,Weapon,in,The_Legend_of_Zelda__Breath_of_the_Wild.html
6180,Rusty_Claymore.html,is,Item,in,The_Legend_of_Zelda__Breath_of_the_Wild.html
6181,Rusty_Claymore.html,are,Weapon,in,The_Legend_of_Zelda__Breath_of_the_Wild.html
6182,Rusty_Halberd.html,is,Item,in,The_Legend_of_Zelda__Breath_of_the_Wild.html
6183,Rusty_Halberd.html,are,Weapon,in,The_Legend_of_Zelda__Breath_of_the_Wild.html
6184,Rusty_Shield.html,is,Item,from,The_Legend_of_Zelda__Breath_of_the_Wild.html
6185,Ruta's_Emblem.html,is,Item,from,The_Legend_of_Zelda__Ocarina_of_Time.html
6186,Rutala_Dam.html,is,Location,in,The_Legend_of_Zelda__Breath_of_the_Wild.html
6187,Rutala_River.html,is,Location,in,The_Legend_of_Zelda__Breath_of_the_Wild.html
6188,Rutela.html,is,Character,in,The_Legend_of_Zelda__Twilight_Princess.html
6189,Rutile_Lake.html,is,Location,from,The_Legend_of_Zelda__Breath_of_the_Wild.html
6190,Rutimala_Hill.html,is,Location,in,The_Legend_of_Zelda__Breath_of_the_Wild.html
6191,Rutimala_Hill.html,is,Location,in,The_Legend_of_Zelda__Breath_of_the_Wild.html
6192,Ruto's_Letter.html,is,Item,in,The_Legend_of_Zelda_(Series).html
6193,Ruto_Crown.html,are,Item,in,The_Legend_of_Zelda_series.html
6194,Ruto_Crown.html,are,Item,in,The_Legend_of_Zelda_(Series).html
6195,Ruto_Lake.html,is,Location,in,The_Legend_of_Zelda__Breath_of_the_Wild.html
6196,Ruto_Mountain.html,is,Location,in,The_Legend_of_Zelda__Breath_of_the_Wild.html
6197,Ruto_Precipice.html,is,Location,in,The_Legend_of_Zelda__Breath_of_the_Wild.html
6198,Ruto_Town.html,is,Location,from,Zelda_II__The_Adventure_of_Link.html
6199,Ruvo_Korbah.html,is,Character,from,The_Legend_of_Zelda__Breath_of_the_Wild.html
6200,Ruvo_Korbah_Shrine.html,is,Shrine,from,The_Legend_of_Zelda__Breath_of_the_Wild.html
6201,S.html,is,Location,in,The_Legend_of_Zelda__Breath_of_the_Wild.html
6202,Saas_Ko'sah.html,is,Character,from,The_Legend_of_Zelda__Breath_of_the_Wild.html
6203,Saas_Ko'sah_Shrine.html,is,Shrine,from,The_Legend_of_Zelda__Breath_of_the_Wild.html
6204,Sabooro.html,is,Character,from,The_Legend_of_Zelda__Ocarina_of_Time.html
6205,Sacred_Bow.html,is,Item,from,The_Legend_of_Zelda__Skyward_Sword.html
6206,Sacred_Bow.html,is,Item,throughout,The_Legend_of_Zelda__The_Wind_Waker.html
6207,Sacred_Bow.html,is,Item,throughout,The_Legend_of_Zelda__The_Wind_Waker.html
6208,Sacred_Flames.html,are,Item,from,Hyrule.html#The_Legend_of_Zelda:_Skyward_Sword
6209,Sacred_Forest_Meadow.html,is,Location,from,The_Legend_of_Zelda__Ocarina_of_Time.html
6210,Sacred_Forest_Meadow.html,is,Location,from,The_Legend_of_Zelda__Ocarina_of_Time.html
6211,Sacred_Ground_Ruins.html,are,Location,in,The_Legend_of_Zelda__Breath_of_the_Wild.html
6212,Sacred_Ground_Ruins.html,are,Location,in,The_Legend_of_Zelda__Breath_of_the_Wild.html
6213,Sacred_Grove.html,is,Location,of,Temple_of_Time.html
6214,Sacred_Shield.html,is,Shield,from,The_Legend_of_Zelda__Skyward_Sword.html
6215,Sacred_Shield.html,is,Shield,in,The_Legend_of_Zelda__Skyward_Sword.html
6216,Sacred_Shield_I.html,are,Object,in,Hyrule_Warriors_Legends.html
6217,Sacred_Shield_II.html,are,Object,in,Hyrule_Warriors_Legends.html
6218,Sacred_Shield_III.html,are,Object,in,Hyrule_Warriors_Legends.html
6219,Sacred_Tear.html,are,Item,in,The_Legend_of_Zelda__Skyward_Sword.html
6220,Sacred_Tears.html,are,Item,in,The_Legend_of_Zelda__Skyward_Sword.html
6221,Sacred_Water.html,is,Item,from,The_Legend_of_Zelda__Skyward_Sword.html
6222,Sacred_Water.html,is,Item,in,The_Legend_of_Zelda__Skyward_Sword.html
6223,Sacred_Windmills.html,are,Location,from,The_Legend_of_Zelda__Phantom_Hourglass.html
6224,Sacred_Windmills.html,are,Object,in,The_Legend_of_Zelda__Phantom_Hourglass.html
6225,Saddle.html,are,Item,from,The_Legend_of_Zelda__Breath_of_the_Wild.html
6226,Safety_Patrol.html,is,Location,in,The_Legend_of_Zelda__Oracle_of_Seasons.html
6227,Safula_Hill.html,is,Location,in,The_Legend_of_Zelda__Breath_of_the_Wild.html
6228,Sage_Gulley.html,is,Character,in,Blacksmith_(A_Link_Between_Worlds).html
6229,Sage_Osfala.html,is,Character,in,The_Legend_of_Zelda__A_Link_Between_Worlds.html
6230,Sage_Rosso.html,is,Character,in,Sage.html#A_Link_Between_Worlds
6231,Sage_Seres.html,is,Character,in,Sage.html#A_Link_Between_Worlds
6232,Sage_Temple_Ruins.html,are,Location,from,The_Legend_of_Zelda__Breath_of_the_Wild.html
6233,Sage_of_Fire.html,is,Character,from,The_Legend_of_Zelda__Ocarina_of_Time.html
6234,Sage_of_Shadow.html,is,Character,in,The_Legend_of_Zelda.html
6235,Sagessa.html,is,Character,from,The_Legend_of_Zelda__Breath_of_the_Wild.html
6236,Sagessa.html,is,Character,in,The_Legend_of_Zelda__Breath_of_the_Wild.html
6237,Sah_Dahaj.html,is,Character,from,The_Legend_of_Zelda__Breath_of_the_Wild.html
6238,Sah_Dahaj_Shrine.html,is,Shrine,from,The_Legend_of_Zelda__Breath_of_the_Wild.html
6239,Sah_Dahaj_Shrine.html,is,Shrine,in,The_Legend_of_Zelda__Breath_of_the_Wild.html
6240,Sahasra_Slope.html,is,Location,in,The_Legend_of_Zelda__Breath_of_the_Wild.html
6241,Sahasrahla's_Friend.html,is,Character,in,The_Legend_of_Zelda__A_Link_to_the_Past.html
6242,Sahasrahla's_Grandson.html,is,Character,from,The_Legend_of_Zelda__A_Link_to_the_Past.html
6243,Sahasrahla's_Grandson.html,is,Character,in,The_Legend_of_Zelda__A_Link_to_the_Past.html
6244,Sahasrahla.html,is,Character,in,The_Legend_of_Zelda_series.html
6245,Sahasralah.html,is,Character,in,The_Legend_of_Zelda_series.html
6246,Sail.html,is,Item,from,The_Legend_of_Zelda__The_Wind_Waker.html
6247,Sail.html,is,Item,in,The_Legend_of_Zelda__The_Wind_Waker.html
6248,Sail_of_Red_Lions.html,is,Item,in,The_Legend_of_Zelda__The_Wind_Waker.html
6249,Sail_of_Red_Lions_+.html,is,Item,in,The_Legend_of_Zelda__The_Wind_Waker.html
6250,Sailcloth.html,is,Item,in,The_Legend_of_Zelda_series.html
6251,Sailcloth.html,is,Item,in,The_Legend_of_Zelda__Skyward_Sword.html
6252,Saki.html,is,Character,from,The_Legend_of_Zelda__Breath_of_the_Wild.html
6253,Saki.html,is,Character,in,The_Legend_of_Zelda__Breath_of_the_Wild.html
6254,Sakon's_Hideout.html,is,Location,from,The_Legend_of_Zelda__Majora%27s_Mask.html
6255,Sakon's_Hideout.html,is,Location,in,The_Legend_of_Zelda__Majora%27s_Mask.html
6256,Sakon.html,is,Character,in,The_Legend_of_Zelda_series.html
6257,Sakon.html,is,Character,in,The_Legend_of_Zelda_(Series).html
6258,Salari_Hill.html,is,Location,in,The_Legend_of_Zelda__Breath_of_the_Wild.html
6259,Salari_Plain.html,is,Location,in,The_Legend_of_Zelda__Breath_of_the_Wild.html
6260,Sale's_Banana_Shop.html,is,Shop,in,The_Legend_of_Zelda__Link%27s_Awakening.html
6261,Sale's_House_O'_Bananas.html,is,Location,from,The_Legend_of_Zelda__Link%27s_Awakening.html
6262,Sale's_House_O'_Bananas.html,is,Shop,in,The_Legend_of_Zelda__Link%27s_Awakening.html
6263,Sale.html,is,Character,from,The_Legend_of_Zelda__Link%27s_Awakening.html
6264,Sale.html,is,Character,in,The_Legend_of_Zelda__Link%27s_Awakening.html
6265,Salmon_Risotto.html,is,Item,from,The_Legend_of_Zelda__Breath_of_the_Wild.html
6266,Salon.html,is,Location,in,Freshly-Picked_Tingle%27s_Rosy_Rupeeland.html
6267,Salt-Grilled_Crab.html,is,Item,from,The_Legend_of_Zelda__Breath_of_the_Wild.html
6268,Salt-Grilled_Fish.html,is,Item,from,The_Legend_of_Zelda__Breath_of_the_Wild.html
6269,Salt-Grilled_Gourmet_Meat.html,is,Item,from,The_Legend_of_Zelda__Breath_of_the_Wild.html
6270,Salt-Grilled_Greens.html,are,Item,from,The_Legend_of_Zelda__Breath_of_the_Wild.html
6271,Salt-Grilled_Meat.html,is,Item,from,The_Legend_of_Zelda__Breath_of_the_Wild.html
6272,Salt-Grilled_Mushrooms.html,are,Item,from,The_Legend_of_Zelda__Breath_of_the_Wild.html
6273,Salt-Grilled_Prime_Meat.html,is,Item,from,The_Legend_of_Zelda__Breath_of_the_Wild.html
6274,Salvage_Arm.html,is,Item,from,The_Legend_of_Zelda__Phantom_Hourglass.html
6275,Salvage_Corp.html,is,Group,from,The_Legend_of_Zelda__The_Wind_Waker.html
6276,Salvager_Headwear.html,is,Item,from,The_Legend_of_Zelda__Breath_of_the_Wild.html
6277,Salvager_Headwear.html,is,Item,in,The_Legend_of_Zelda__Breath_of_the_Wild.html
6278,Salvager_Trousers.html,are,Item,from,The_Legend_of_Zelda__Breath_of_the_Wild.html
6279,Salvager_Trousers.html,are,Item,in,The_Legend_of_Zelda__Breath_of_the_Wild.html
6280,Salvager_Vest.html,is,Item,from,The_Legend_of_Zelda__Breath_of_the_Wild.html
6281,Salvager_Vest.html,is,Item,in,The_Legend_of_Zelda__Breath_of_the_Wild.html
6282,Salvatore.html,is,Character,in,The_Legend_of_Zelda__Phantom_Hourglass.html
6283,Salvatore.html,is,Character,in,The_Legend_of_Zelda_(Series).html
6284,Sam.html,is,Character,from,The_Legend_of_Zelda__The_Wind_Waker.html
6285,Sam.html,is,Character,of,The_Legend_of_Zelda__The_Wind_Waker.html
6286,Samasa_Plain.html,is,Location,from,The_Legend_of_Zelda__Breath_of_the_Wild.html
6287,Sanctuary_(A_Link_Between_Worlds).html,is,Location,in,The_Legend_of_Zelda__A_Link_Between_Worlds.html
6288,Sanctuary_(A_Link_to_the_Past%2FA_Link_Between_Worlds).html,is,Location,in,../The_Legend_of_Zelda_series.html
6289,Sanctuary_(A_Link_to_the_Past).html,is,Location,in,The_Legend_of_Zelda__A_Link_to_the_Past.html
6290,Sanctuary_(Twilight_Princess).html,is,Location,in,The_Legend_of_Zelda__Twilight_Princess.html
6291,Sanctuary_Mask.html,is,Mask,from,The_Legend_of_Zelda__Tri_Force_Heroes.html
6292,Sanctum.html,is,Location,from,The_Legend_of_Zelda__Breath_of_the_Wild.html
6293,Sanctum.html,is,Dungeon,of,The_Legend_of_Zelda__Breath_of_the_Wild.html
6294,Sand-Seal_Rally.html,is,Location,in,The_Legend_of_Zelda__Breath_of_the_Wild.html
6295,Sand-Seal_Rally.html,is,Location,in,The_Legend_of_Zelda__Breath_of_the_Wild.html
6296,Sand-Seal_Rental_Shop.html,is,Shop,from,The_Legend_of_Zelda__Breath_of_the_Wild.html
6297,Sand-Seal_Rental_Shop.html,is,Shop,in,The_Legend_of_Zelda__Breath_of_the_Wild.html
6298,Sand_Boots.html,are,Item,from,The_Legend_of_Zelda__Breath_of_the_Wild.html
6299,Sand_Realm.html,is,Location,from,The_Legend_of_Zelda__Spirit_Tracks.html
6300,Sand_Realm.html,is,Location,in,The_Legend_of_Zelda__Spirit_Tracks.html
6301,Sand_Rod.html,is,Item,from,The_Legend_of_Zelda__A_Link_Between_Worlds.html
6302,Sand_Rod.html,is,Item,in,The_Legend_of_Zelda_(Series).html
6303,Sand_Sanctuary.html,is,Location,within,Sand_Realm.html
6304,Sand_Wand.html,is,Item,from,The_Legend_of_Zelda__Spirit_Tracks.html
6305,Sand_Wand.html,is,Item,in,The_Legend_of_Zelda_(Series).html
6306,Sand_of_Hours.html,is,Item,from,Phantom_Hourglass.html
6307,Sandfish.html,are,Enemy,in,The_Legend_of_Zelda__Tri_Force_Heroes.html
6308,Sandship.html,is,Dungeon,on,Hyrule.html
6309,Sandship.html,is,Dungeon,in,The_Legend_of_Zelda__Skyward_Sword.html
6310,Sandworm.html,are,Enemy,from,The_Legend_of_Zelda__Phantom_Hourglass.html
6311,Sandworm.html,are,Enemy,in,The_Legend_of_Zelda__Phantom_Hourglass.html
6312,Sanidin_Park_Ruins.html,are,Location,in,The_Legend_of_Zelda__Breath_of_the_Wild.html
6313,Sanke_Carp.html,is,Item,from,The_Legend_of_Zelda__Breath_of_the_Wild.html
6314,Sapphia's_Table.html,is,Location,in,The_Legend_of_Zelda__Breath_of_the_Wild.html
6315,Sapphia's_Table.html,is,Location,in,The_Legend_of_Zelda__Breath_of_the_Wild.html
6316,Sapphire.html,is,Item,in,The_Legend_of_Zelda__Breath_of_the_Wild.html
6317,Sapphire_Circlet.html,is,Item,from,The_Legend_of_Zelda__Breath_of_the_Wild.html
6318,Sapphire_Circlet.html,is,Item,in,The_Legend_of_Zelda__Breath_of_the_Wild.html
6319,Sardak.html,are,Boss,of,Shrine_of_Earth.html
6320,Saria's_Song.html,is,Song,in,The_Legend_of_Zelda_series.html
6321,Saria's_Song.html,is,Song,in,The_Legend_of_Zelda_(Series).html
6322,Saria.html,is,Character,in,Forest_Temple_(Ocarina_of_Time).html
6323,Saria_Town.html,is,Location,from,Zelda_II__The_Adventure_of_Link.html
6324,Sarias_Song.html,is,Song,in,The_Legend_of_Zelda_(Series).html
6325,Sarjon_Bridge.html,is,Location,from,The_Legend_of_Zelda__Breath_of_the_Wild.html
6326,Sarjon_Woods.html,are,Location,in,The_Legend_of_Zelda__Breath_of_the_Wild.html
6327,Sasa_Kai.html,is,Character,from,The_Legend_of_Zelda__Breath_of_the_Wild.html
6328,Sasa_Kai_Shrine.html,is,Shrine,from,The_Legend_of_Zelda__Breath_of_the_Wild.html
6329,Sasan.html,is,Character,from,The_Legend_of_Zelda__Breath_of_the_Wild.html
6330,Satchel.html,is,Character,from,The_Legend_of_Zelda__The_Minish_Cap.html
6331,Sato_Koda.html,is,Character,from,The_Legend_of_Zelda__Breath_of_the_Wild.html
6332,Sato_Koda_Shrine.html,is,Shrine,from,The_Legend_of_Zelda__Breath_of_the_Wild.html
6333,Satori_Mountain.html,is,Location,from,The_Legend_of_Zelda__Breath_of_the_Wild.html
6334,Satty.html,is,Character,from,The_Legend_of_Zelda__Breath_of_the_Wild.html
6335,Saula.html,is,Character,in,The_Legend_of_Zelda__Breath_of_the_Wild.html
6336,Saula.html,is,Character,in,The_Legend_of_Zelda__Breath_of_the_Wild.html
6337,SautÇed_Nuts.html,are,Item,from,The_Legend_of_Zelda__Breath_of_the_Wild.html
6338,Savage_Labyrinth.html,is,Dungeon,in,The_Legend_of_Zelda__The_Wind_Waker.html#Remake
6339,Savage_Labyrinth.html,is,Dungeon,in,The_Legend_of_Zelda__The_Wind_Waker.html
6340,Savage_Lynel_Bow.html,is,Item,from,The_Legend_of_Zelda__Breath_of_the_Wild.html
6341,Savage_Lynel_Bow.html,is,Item,throughout,The_Legend_of_Zelda__The_Wind_Waker.html
6342,Savage_Lynel_Bow.html,is,Item,throughout,The_Legend_of_Zelda__The_Wind_Waker.html
6343,Savage_Lynel_Crusher.html,is,Item,from,The_Legend_of_Zelda__Breath_of_the_Wild.html
6344,Savage_Lynel_Shield.html,is,Item,from,The_Legend_of_Zelda__Breath_of_the_Wild.html
6345,Savage_Lynel_Spear.html,is,Item,from,The_Legend_of_Zelda__Breath_of_the_Wild.html
6346,Savage_Lynel_Sword.html,is,Item,from,The_Legend_of_Zelda__Breath_of_the_Wild.html
6347,Savelle.html,is,Character,from,The_Legend_of_Zelda__Breath_of_the_Wild.html
6348,Savelle.html,is,Character,in,The_Legend_of_Zelda__Breath_of_the_Wild.html
6349,Sayge.html,is,Character,from,The_Legend_of_Zelda__Breath_of_the_Wild.html
6350,Sayge.html,is,Character,in,The_Legend_of_Zelda__Breath_of_the_Wild.html
6351,Scaldera.html,is,Boss,of,Earth_Temple_(Skyward_Sword).html
6352,Scaldera.html,is,Boss,in,Earth_Temple_(Skyward_Sword).html
6353,Scarblade.html,is,Character,from,The_Legend_of_Zelda__The_Minish_Cap.html
6354,Scarblade.html,are,Character,in,The_Legend_of_Zelda__The_Minish_Cap.html
6355,Scarecrow's_Song.html,is,Song,in,The_Legend_of_Zelda_series.html
6356,Scattershot.html,is,Item,from,The_Legend_of_Zelda__Skyward_Sword.html
6357,Scattershot.html,is,Item,in,The_Legend_of_Zelda_(Series).html
6358,School_of_Joy.html,is,Location,in,The_Legend_of_Zelda__The_Wind_Waker.html
6359,Schule_Donavitch.html,is,Character,from,The_Legend_of_Zelda__Link%27s_Awakening.html
6360,Schule_Donavitch.html,is,Character,from,The_Legend_of_Zelda__Link%27s_Awakening.html
6361,Scimitar_of_the_Seven.html,is,Item,from,The_Legend_of_Zelda__Breath_of_the_Wild.html
6362,Scimitar_of_the_Seven.html,is,Weapon,in,The_Legend_of_Zelda__Breath_of_the_Wild.html
6363,Scoot_Fruit.html,is,Item,from,The_Legend_of_Zelda__A_Link_Between_Worlds.html
6364,Scope.html,is,Item,in,The_Legend_of_Zelda__Breath_of_the_Wild.html
6365,Scorching_Zone.html,is,Location,in,The_Legend_of_Zelda__Tri_Force_Heroes.html
6366,Scourges_of_the_Divine_Beasts.html,are,Group,of,Boss.html
6367,Scout's_Hill.html,is,Location,in,The_Legend_of_Zelda__Breath_of_the_Wild.html
6368,Scrap_Shop.html,is,Shop,from,The_Legend_of_Zelda__Skyward_Sword.html
6369,Scrapper.html,is,Character,from,The_Legend_of_Zelda__Skyward_Sword.html
6370,Scratcher.html,is,Character,from,The_Legend_of_Zelda__The_Minish_Cap.html
6371,Sea-Breeze_Boomerang.html,is,Item,from,The_Legend_of_Zelda__The_Wind_Waker.html
6372,Sea-Breeze_Boomerang.html,is,Item,in,The_Legend_of_Zelda_(Series).html
6373,Sea-Weed_Notes.html,is,Item,from,Freshly-Picked_Tingle%27s_Rosy_Rupeeland.html
6374,Sea_Chart.html,is,Item,from,The_Legend_of_Zelda__Skyward_Sword.html
6375,Sea_Chart.html,is,Item,in,The_Legend_of_Zelda_(Series).html
6376,Sea_Flower.html,is,Item,from,The_Legend_of_Zelda__The_Wind_Waker.html
6377,Sea_Flower.html,are,Item,in,The_Legend_of_Zelda__The_Wind_Waker.html
6378,Sea_Island.html,is,Location,in,Zelda%27s_Adventure.html
6379,Sea_Lily's_Bell.html,are,Item,from,The_Legend_of_Zelda__Link%27s_Awakening.html
6380,Sea_Lily's_Bell.html,is,Item,in,The_Legend_of_Zelda__Link%27s_Awakening.html
6381,Sea_Lily_Bell.html,is,Item,in,The_Legend_of_Zelda__A_Link_Between_Worlds.html
6382,Sea_Snake.html,are,Enemy,in,The_Legend_of_Zelda__Majora%27s_Mask.html
6383,Sea_View_Bench.html,is,Object,from,The_Legend_of_Zelda__The_Wind_Waker.html
6384,Sea_of_Fire.html,is,Location,from,The_Legend_of_Zelda__Ocarina_of_Time.html
6385,Sea_of_Trees.html,is,Location,from,The_Legend_of_Zelda__Four_Swords.html
6386,Sea_of_Trees.html,is,Stage,from,The_Legend_of_Zelda__Four_Swords.html
6387,Seabed_Inn.html,is,Location,in,The_Legend_of_Zelda__Breath_of_the_Wild.html
6388,Seacoast_Plain.html,is,Location,in,Zelda%27s_Adventure.html
6389,Seafood_Curry.html,is,Item,from,The_Legend_of_Zelda__Breath_of_the_Wild.html
6390,Seafood_Fried_Rice.html,is,Item,from,The_Legend_of_Zelda__Breath_of_the_Wild.html
6391,Seafood_Meuniäre.html,is,Item,from,The_Legend_of_Zelda__Breath_of_the_Wild.html
6392,Seafood_Paella.html,is,Item,from,The_Legend_of_Zelda__Breath_of_the_Wild.html
6393,Seafood_Rice_Balls.html,are,Item,from,The_Legend_of_Zelda__Breath_of_the_Wild.html
6394,Seafood_Skewer.html,is,Item,from,The_Legend_of_Zelda__Breath_of_the_Wild.html
6395,Seagull_Pen.html,is,Item,from,The_Legend_of_Zelda__The_Wind_Waker.html
6396,Seahat.html,are,Enemy,from,The_Legend_of_Zelda__The_Wind_Waker.html
6397,Sealed_Grounds.html,is,Location,from,The_Legend_of_Zelda__Skyward_Sword.html
6398,Sealed_Grounds.html,is,Location,in,The_Legend_of_Zelda__Skyward_Sword.html
6399,Sealed_Temple.html,is,Location,from,The_Legend_of_Zelda__Skyward_Sword.html
6400,Sealed_Temple.html,is,Location,in,Princess_Zelda.html#Skyward_Sword
6401,Seapony_Cannon.html,are,Object,in,The_Legend_of_Zelda__Phantom_Hourglass.html
6402,Searchlight.html,are,Object,in,The_Legend_of_Zelda_series.html
6403,Seared_Gourmet_Steak.html,is,Item,from,The_Legend_of_Zelda__Breath_of_the_Wild.html
6404,Seared_Prime_Steak.html,is,Item,from,The_Legend_of_Zelda__Breath_of_the_Wild.html
6405,Seared_Steak.html,is,Item,in,The_Legend_of_Zelda__Breath_of_the_Wild.html
6406,Seashell_Mansion.html,is,Location,from,The_Legend_of_Zelda__Link%27s_Awakening.html
6407,Seashore.html,is,Location,from,Zelda_II__The_Adventure_of_Link.html
6408,Sebasto.html,is,Character,from,The_Legend_of_Zelda__Breath_of_the_Wild.html
6409,Second_Gatehouse.html,is,Location,from,The_Legend_of_Zelda__Breath_of_the_Wild.html
6410,Second_Gatehouse.html,is,Dungeon,of,The_Legend_of_Zelda__Breath_of_the_Wild.html
6411,Secret_Cave.html,are,Location,in,The_Legend_of_Zelda__The_Wind_Waker.html
6412,Secret_Grotto.html,are,Location,in,The_Legend_of_Zelda_(Series).html
6413,Secret_Medicine.html,is,Item,from,The_Legend_of_Zelda__Link%27s_Awakening.html
6414,Secret_Moblin.html,is,Character,from,The_Legend_of_Zelda.html
6415,Secret_Moblin.html,is,Character,from,The_Legend_of_Zelda.html
6416,Secret_Passage.html,is,Location,from,The_Legend_of_Zelda__A_Link_to_the_Past.html
6417,Secret_Passage.html,is,Dungeon,in,The_Legend_of_Zelda_(Series).html
6418,Secret_Seashells.html,are,Item,from,The_Legend_of_Zelda__Link%27s_Awakening.html
6419,Secret_Shrine.html,is,Location,from,The_Legend_of_Zelda__Majora%27s_Mask.html
6420,Secret_Shrine.html,is,Location,in,The_Legend_of_Zelda__Majora%27s_Mask.html
6421,Secret_of_the_Cedars.html,is,Quest,in,The_Legend_of_Zelda__Breath_of_the_Wild.html
6422,Secret_of_the_Snowy_Peaks.html,is,Quest,in,The_Legend_of_Zelda__Breath_of_the_Wild.html
6423,Seed_Satchel.html,is,Item,in,The_Legend_of_Zelda_(Series).html
6424,Seek_Out_Impa.html,is,Quest,from,The_Legend_of_Zelda__Breath_of_the_Wild.html
6425,Seek_Out_Impa.html,is,Quest,in,The_Legend_of_Zelda__Breath_of_the_Wild.html
6426,Seeker's_Guild.html,is,Group,from,The_Legend_of_Zelda__Four_Swords_Adventures.html
6427,Sefaro.html,is,Character,in,The_Legend_of_Zelda__Breath_of_the_Wild.html
6428,Seggin.html,is,Character,in,The_Legend_of_Zelda__Breath_of_the_Wild.html
6429,Seldon.html,is,Character,in,The_Legend_of_Zelda__Breath_of_the_Wild.html
6430,Seldon.html,is,Character,in,The_Legend_of_Zelda__Breath_of_the_Wild.html
6431,Self-proclaimed_Hero.html,is,Character,from,Link.html#The_Legend_of_Zelda:_The_Wind_Waker
6432,Selmie's_Spot.html,is,Location,from,The_Legend_of_Zelda__Breath_of_the_Wild.html
6433,Selmie.html,is,Character,in,The_Legend_of_Zelda__Breath_of_the_Wild.html
6434,Senna.html,is,Character,from,The_Legend_of_Zelda__Breath_of_the_Wild.html
6435,Senna.html,is,Character,in,The_Legend_of_Zelda__Breath_of_the_Wild.html
6436,Sentrobe.html,are,Enemy,from,The_Legend_of_Zelda__Skyward_Sword.html
6437,Sentrobe.html,are,Enemy,in,The_Legend_of_Zelda__Skyward_Sword.html
6438,Sentrobe_Bomb.html,are,Enemy,from,The_Legend_of_Zelda__Skyward_Sword.html
6439,Senza.html,is,Character,in,The_Legend_of_Zelda_series.html
6440,Senza.html,is,Character,in,The_Legend_of_Zelda_(Series).html
6441,Sera's_Sundries.html,is,Location,in,The_Legend_of_Zelda__Twilight_Princess.html
6442,Sera.html,is,Character,in,The_Legend_of_Zelda__Twilight_Princess.html
6443,Serenade_of_Water.html,is,Song,in,The_Legend_of_Zelda_(Series).html
6444,Serenne_Stable.html,is,Location,in,The_Legend_of_Zelda__Breath_of_the_Wild.html
6445,Seres.html,is,Character,from,The_Legend_of_Zelda__A_Link_Between_Worlds.html
6446,Seres.html,is,Character,in,Sage.html#A_Link_Between_Worlds
6447,Seres_Scablands.html,are,Location,from,The_Legend_of_Zelda__Breath_of_the_Wild.html
6448,Serigon.html,are,Location,in,Link__The_Faces_of_Evil.html
6449,Serigon_Caves.html,are,Location,in,Link__The_Faces_of_Evil.html
6450,Serpentine_Spear.html,is,Item,from,The_Legend_of_Zelda__Breath_of_the_Wild.html
6451,Servant_to_the_Goddess_of_Spirits.html,is,Character,from,The_Legend_of_Zelda__Phantom_Hourglass.html
6452,Servant_to_the_Goddess_of_Spirits.html,is,Character,in,The_Legend_of_Zelda__Phantom_Hourglass.html
6453,Servants_of_the_Tower.html,are,Character,from,The_Legend_of_Zelda__The_Wind_Waker.html
6454,Sesami.html,is,Character,in,The_Legend_of_Zelda__Breath_of_the_Wild.html
6455,Sesami.html,is,Character,in,The_Legend_of_Zelda__Breath_of_the_Wild.html
6456,Seven-Star_Isles.html,are,Location,from,The_Legend_of_Zelda__The_Wind_Waker.html
6457,Seven-Star_Isles.html,is,Location,in,The_Legend_of_Zelda__The_Wind_Waker.html
6458,Seven_Maidens.html,is,Group,from,The_Legend_of_Zelda_series.html
6459,Seven_Sages_(A_Link_Between_Worlds).html,are,Group,from,The_Legend_of_Zelda__A_Link_Between_Worlds.html
6460,Seven_Sages_(Ocarina_of_Time).html,are,Group,from,The_Legend_of_Zelda__Ocarina_of_Time.html
6461,Seven_Wise_Men.html,are,Group,of,Seal_of_the_Sages.html
6462,Seven_Wise_Men.html,is,Group,of,Seal_of_the_Sages.html
6463,Sewer_Passageway.html,is,Dungeon,in,The_Legend_of_Zelda_(Series).html
6464,Sha_Gehma.html,is,Character,from,The_Legend_of_Zelda__Breath_of_the_Wild.html
6465,Sha_Gehma_Shrine.html,is,Shrine,from,The_Legend_of_Zelda__Breath_of_the_Wild.html
6466,Sha_Warvo.html,is,Character,from,The_Legend_of_Zelda__Breath_of_the_Wild.html
6467,Sha_Warvo_Shrine.html,is,Shrine,from,The_Legend_of_Zelda__Breath_of_the_Wild.html
6468,Sha_Warvo_Shrine.html,is,Shrine,in,The_Legend_of_Zelda__Breath_of_the_Wild.html
6469,Shabom.html,are,Enemy,from,The_Legend_of_Zelda__Ocarina_of_Time.html#The_Legend_of_Zelda:_Ocarina_of_Time_3D
6470,Shabonne.html,is,Character,from,The_Legend_of_Zelda__Breath_of_the_Wild.html
6471,Shabonne.html,is,Character,in,The_Legend_of_Zelda__Breath_of_the_Wild.html
6472,Shad.html,is,Character,in,The_Legend_of_Zelda__Twilight_Princess.html
6473,Shada_Naw.html,is,Character,from,The_Legend_of_Zelda__Breath_of_the_Wild.html
6474,Shada_Naw_Shrine.html,is,Shrine,from,The_Legend_of_Zelda__Breath_of_the_Wild.html
6475,Shadow_Baba_Serpent.html,are,Enemy,in,The_Legend_of_Zelda__Twilight_Princess.html
6476,Shadow_Beast.html,are,Enemy,in,Twilight.html
6477,Shadow_Beasts.html,are,Enemy,in,Twilight.html
6478,Shadow_Bulblin.html,are,Enemy,in,The_Legend_of_Zelda_(Series).html
6479,Shadow_Bulblin_Archer.html,are,Enemy,in,The_Legend_of_Zelda_(Series).html
6480,Shadow_Crystal.html,is,Object,in,The_Legend_of_Zelda__Twilight_Princess.html
6481,Shadow_Hag.html,is,Boss,of,Moonlit_Grotto.html
6482,Shadow_Hag.html,is,Boss,in,The_Legend_of_Zelda__Oracle_of_Ages.html
6483,Shadow_Hamlet_Ruins.html,are,Location,from,The_Legend_of_Zelda__Breath_of_the_Wild.html
6484,Shadow_Hamlet_Ruins.html,are,Location,in,The_Legend_of_Zelda__Breath_of_the_Wild.html
6485,Shadow_Kargaroc.html,are,Enemy,in,The_Legend_of_Zelda_(Series).html
6486,Shadow_Kargarok.html,are,Enemy,in,The_Legend_of_Zelda_(Series).html
6487,Shadow_Keese.html,are,Enemy,in,Twilight.html
6488,Shadow_Link.html,is,Character,from,The_Legend_of_Zelda__Twilight_Princess.html
6489,Shadow_Pass.html,is,Location,in,The_Legend_of_Zelda__Breath_of_the_Wild.html
6490,Shadow_Pass.html,is,Location,in,The_Legend_of_Zelda__Breath_of_the_Wild.html
6491,Shadow_Temple.html,is,Dungeon,from,The_Legend_of_Zelda__A_Link_to_the_Past.html
6492,Shadow_Temple.html,is,Dungeon,in,The_Legend_of_Zelda__Ocarina_of_Time.html
6493,Shadow_Vermin.html,are,Enemy,in,The_Legend_of_Zelda__Twilight_Princess.html
6494,Shadow_Zone.html,is,Location,in,The_Legend_of_Zelda__Tri_Force_Heroes.html
6495,Shady_Guy.html,is,Character,from,The_Legend_of_Zelda__A_Link_Between_Worlds.html
6496,Shady_Guy.html,is,Character,in,The_Legend_of_Zelda__A_Link_Between_Worlds.html
6497,Shae_Katha.html,is,Character,from,The_Legend_of_Zelda__Breath_of_the_Wild.html
6498,Shae_Katha_Shrine.html,is,Shrine,from,The_Legend_of_Zelda__Breath_of_the_Wild.html
6499,Shae_Loya.html,is,Character,from,The_Legend_of_Zelda__Breath_of_the_Wild.html
6500,Shae_Loya_Shrine.html,is,Shrine,from,The_Legend_of_Zelda__Breath_of_the_Wild.html
6501,Shae_Mo'sah.html,is,Character,from,The_Legend_of_Zelda__Breath_of_the_Wild.html
6502,Shae_Mo'sah_Shrine.html,is,Shrine,from,The_Legend_of_Zelda__Breath_of_the_Wild.html
6503,Shae_Mo'sah_Shrine.html,is,Shrine,in,The_Legend_of_Zelda__Breath_of_the_Wild.html
6504,Shai_Utoh.html,is,Character,from,The_Legend_of_Zelda__Breath_of_the_Wild.html
6505,Shai_Utoh_Shrine.html,is,Shrine,from,The_Legend_of_Zelda__Breath_of_the_Wild.html
6506,Shai_Utoh_Shrine.html,is,Shrine,in,The_Legend_of_Zelda__Breath_of_the_Wild.html
6507,Shai_Yota.html,is,Character,from,The_Legend_of_Zelda__Breath_of_the_Wild.html
6508,Shai_Yota_Shrine.html,is,Shrine,from,The_Legend_of_Zelda__Breath_of_the_Wild.html
6509,Shaillu.html,is,Character,in,The_Legend_of_Zelda__Breath_of_the_Wild.html
6510,Shaillu.html,is,Character,in,The_Legend_of_Zelda__Breath_of_the_Wild.html
6511,Shamae.html,is,Character,from,The_Legend_of_Zelda__Breath_of_the_Wild.html
6512,Shamae.html,is,Character,in,The_Legend_of_Zelda__Breath_of_the_Wild.html
6513,Shaman.html,is,Character,in,The_Legend_of_Zelda__Twilight_Princess.html
6514,Shard_of_Agony.html,is,Item,from,The_Legend_of_Zelda__Ocarina_of_Time.html
6515,Shard_of_Agony.html,is,Item,in,The_Legend_of_Zelda__Ocarina_of_Time.html
6516,Shard_of_Dinraal's_Fang.html,is,Item,from,The_Legend_of_Zelda__Breath_of_the_Wild.html
6517,Shard_of_Dinraal's_Horn.html,is,Item,from,The_Legend_of_Zelda__Breath_of_the_Wild.html
6518,Shard_of_Farosh's_Horn.html,is,Item,from,The_Legend_of_Zelda__Breath_of_the_Wild.html
6519,Shard_of_Naydra's_Fang.html,is,Item,from,The_Legend_of_Zelda__Breath_of_the_Wild.html
6520,Shard_of_Naydra's_Horn.html,is,Item,from,The_Legend_of_Zelda__Breath_of_the_Wild.html
6521,Shark_Island.html,is,Location,from,The_Legend_of_Zelda__The_Wind_Waker.html
6522,Sharo_Lun.html,is,Character,from,The_Legend_of_Zelda__Breath_of_the_Wild.html
6523,Sharo_Lun_Shrine.html,is,Shrine,from,The_Legend_of_Zelda__Breath_of_the_Wild.html
6524,Sharp.html,is,Character,in,The_Legend_of_Zelda_series.html
6525,Sharp_the_Elder.html,is,Character,in,The_Legend_of_Zelda_series.html
6526,Shatterback_Point.html,is,Location,from,The_Legend_of_Zelda__Breath_of_the_Wild.html
6527,Shay.html,is,Character,from,The_Legend_of_Zelda__Breath_of_the_Wild.html
6528,Shee_Vaneer.html,is,Character,from,The_Legend_of_Zelda__Breath_of_the_Wild.html
6529,Shee_Vaneer_Shrine.html,is,Shrine,from,The_Legend_of_Zelda__Breath_of_the_Wild.html
6530,Shee_Venath.html,is,Character,from,The_Legend_of_Zelda__Breath_of_the_Wild.html
6531,Shee_Venath_Shrine.html,is,Shrine,from,The_Legend_of_Zelda__Breath_of_the_Wild.html
6532,Sheem_Dagoze.html,is,Character,from,The_Legend_of_Zelda__Breath_of_the_Wild.html
6533,Sheem_Dagoze_Shrine.html,is,Shrine,from,The_Legend_of_Zelda__Breath_of_the_Wild.html
6534,Sheerow.html,is,Character,from,The_Legend_of_Zelda__A_Link_Between_Worlds.html
6535,Sheh_Rata.html,is,Character,from,The_Legend_of_Zelda__Breath_of_the_Wild.html
6536,Sheh_Rata_Shrine.html,is,Shrine,in,The_Legend_of_Zelda__Breath_of_the_Wild.html
6537,Sheik's_Mask.html,is,Item,from,The_Legend_of_Zelda__Breath_of_the_Wild.html
6538,Sheik.html,is,Character,from,List_of_songs.html#The_Legend_of_Zelda:_Ocarina_of_Time
6539,Sheikah_Heirloom.html,is,Item,from,The_Legend_of_Zelda__Breath_of_the_Wild.html
6540,Sheikah_Sensor+.html,is,Item,from,The_Legend_of_Zelda__Breath_of_the_Wild.html
6541,Sheikah_Sensor.html,is,Item,from,The_Legend_of_Zelda__Breath_of_the_Wild.html
6542,Sheikah_Sensor_Notes.html,is,Item,in,The_Legend_of_Zelda__Breath_of_the_Wild.html
6543,Sheikah_Slate.html,is,Item,from,The_Legend_of_Zelda__Breath_of_the_Wild.html
6544,Sheikah_Slate.html,is,Item,in,The_Legend_of_Zelda__Breath_of_the_Wild.html
6545,Sheikah_Slate_Manual.html,is,Item,in,The_Legend_of_Zelda__Breath_of_the_Wild.html
6546,Sheikah_Tower.html,are,Location,from,The_Legend_of_Zelda__Breath_of_the_Wild.html
6547,Sheikah_Tower.html,are,Location,in,The_Legend_of_Zelda__Breath_of_the_Wild.html
6548,Sheila.html,is,Character,from,The_Legend_of_Zelda__The_Minish_Cap.html
6549,Shell_Anchor.html,are,Object,in,The_Legend_of_Zelda__Phantom_Hourglass.html
6550,Shell_Apartment.html,are,Object,in,The_Legend_of_Zelda__Phantom_Hourglass.html
6551,Shell_Blade.html,are,Enemy,in,The_Legend_of_Zelda_series.html
6552,Shell_Blade.html,are,Enemy,in,The_Legend_of_Zelda_(Series).html
6553,Shell_Carrier.html,are,Enemy,in,Freshly-Picked_Tingle%27s_Rosy_Rupeeland.html
6554,Shell_Wheel.html,are,Object,in,The_Legend_of_Zelda__Phantom_Hourglass.html
6555,Sherfin's_Secret_Hot_Spring.html,is,Location,from,The_Legend_of_Zelda__Breath_of_the_Wild.html
6556,Shibo.html,is,Character,from,The_Legend_of_Zelda__Breath_of_the_Wild.html
6557,Shiek.html,is,Character,from,List_of_songs.html#The_Legend_of_Zelda:_Ocarina_of_Time
6558,Shield_(A_Link_Between_Worlds).html,is,Shield,from,The_Legend_of_Zelda__A_Link_Between_Worlds.html
6559,Shield_(Four_Swords).html,is,Shield,from,The_Legend_of_Zelda__Four_Swords.html
6560,Shield_(Spirit_Tracks).html,is,Shield,from,The_Legend_of_Zelda__Spirit_Tracks.html
6561,Shield_Moblin.html,are,Enemy,in,The_Legend_of_Zelda_(Series).html
6562,Shield_of_Antiquity.html,is,Shield,in,The_Legend_of_Zelda__Spirit_Tracks.html
6563,Shield_of_the_Mind's_Eye.html,is,Item,from,The_Legend_of_Zelda__Breath_of_the_Wild.html
6564,Shikashi.html,is,Character,from,The_Legend_of_Zelda_series.html
6565,Shikashi.html,is,Character,in,The_Legend_of_Zelda__Ocarina_of_Time.html
6566,Shining_Harp.html,is,Item,in,The_Legend_of_Zelda_(Series).html
6567,Ship_Part.html,are,Object,in,The_Legend_of_Zelda__Phantom_Hourglass.html
6568,Ship_Parts.html,are,Item,from,The_Legend_of_Zelda__Phantom_Hourglass.html
6569,Ship_Parts.html,are,Object,in,The_Legend_of_Zelda__Phantom_Hourglass.html
6570,Shipwreck_Cliff.html,is,Location,in,Link__The_Faces_of_Evil.html
6571,Shipyard_(Skyward_Sword).html,is,Location,from,The_Legend_of_Zelda__Skyward_Sword.html
6572,Shipyard_Worker.html,is,Character,from,The_Legend_of_Zelda__Phantom_Hourglass.html
6573,Shipyard_Worker.html,is,Character,in,The_Legend_of_Zelda__Phantom_Hourglass.html
6574,Shira_Gomar.html,is,Character,from,The_Legend_of_Zelda__Breath_of_the_Wild.html
6575,Shira_Gomar_Shrine.html,is,Shrine,from,The_Legend_of_Zelda__Breath_of_the_Wild.html
6576,Shiro.html,is,Character,in,The_Legend_of_Zelda__Majora%27s_Mask.html
6577,Shiro_(Majora's_Mask).html,is,Character,from,The_Legend_of_Zelda__Majora%27s_Mask.html
6578,Shiro_(Ocarina_of_Time).html,is,Character,from,The_Legend_of_Zelda__Ocarina_of_Time.html
6579,Shitate.html,is,Location,in,The_Legend_of_Zelda__Spirit_Tracks.html
6580,Shiyou_Rat.html,are,Enemy,in,The_Legend_of_Zelda_(Series).html
6581,Sho.html,is,Character,in,The_Legend_of_Zelda__Breath_of_the_Wild.html
6582,Sho_Dantu.html,is,Character,from,The_Legend_of_Zelda__Breath_of_the_Wild.html
6583,Sho_Dantu_Shrine.html,is,Shrine,from,The_Legend_of_Zelda__Breath_of_the_Wild.html
6584,Shoda_Sah.html,is,Character,from,The_Legend_of_Zelda__Breath_of_the_Wild.html
6585,Shoda_Sah_Shrine.html,is,Shrine,from,The_Legend_of_Zelda__Breath_of_the_Wild.html
6586,Shoda_Sah_Shrine.html,is,Shrine,in,The_Legend_of_Zelda__Breath_of_the_Wild.html
6587,Shooting_Gallery_Owner.html,is,Character,in,The_Legend_of_Zelda__Ocarina_of_Time.html
6588,Shop_Guru_Statue.html,is,Item,from,The_Legend_of_Zelda__The_Wind_Waker.html
6589,Shop_Guru_Statue.html,are,Item,in,The_Legend_of_Zelda__The_Wind_Waker.html
6590,Shoqa_Tatone.html,is,Character,from,The_Legend_of_Zelda__Breath_of_the_Wild.html
6591,Shoqa_Tatone_Shrine.html,is,Shrine,from,The_Legend_of_Zelda__Breath_of_the_Wild.html
6592,Shora_Hah.html,is,Character,from,The_Legend_of_Zelda__Breath_of_the_Wild.html
6593,Shora_Hah_Shrine.html,is,Shrine,from,The_Legend_of_Zelda__Breath_of_the_Wild.html
6594,Shovel.html,is,Item,in,The_Legend_of_Zelda.html
6595,Shovel.html,is,Item,in,The_Legend_of_Zelda_(Series).html
6596,Showstopper.html,is,Item,from,The_Legend_of_Zelda__Tri_Force_Heroes.html
6597,Shrine_Island.html,is,Location,in,The_Legend_of_Zelda__Breath_of_the_Wild.html
6598,Shrine_of_Air.html,is,Dungeon,in,Zelda%27s_Adventure.html
6599,Shrine_of_Destiny.html,is,Dungeon,in,Zelda%27s_Adventure.html
6600,Shrine_of_Earth.html,is,Dungeon,in,Zelda%27s_Adventure.html
6601,Shrine_of_Fire.html,is,Dungeon,in,Zelda%27s_Adventure.html
6602,Shrine_of_Gamelon.html,is,Location,from,Princess_Zelda.html
6603,Shrine_of_Gamelon.html,is,Location,in,Zelda__The_Wand_of_Gamelon.html
6604,Shrine_of_Illusion.html,is,Dungeon,in,Zelda%27s_Adventure.html
6605,Shrine_of_Resurrection.html,is,Location,from,The_Legend_of_Zelda__Breath_of_the_Wild.html
6606,Shrine_of_Resurrection.html,is,Location,in,The_Legend_of_Zelda__Breath_of_the_Wild.html
6607,Shrine_of_Rock.html,is,Dungeon,in,Zelda%27s_Adventure.html
6608,Shrine_of_Strength.html,is,Dungeon,in,Zelda%27s_Adventure.html
6609,Shrine_of_Water.html,is,Dungeon,in,Zelda%27s_Adventure.html
6610,Shroud.html,is,Item,in,The_Legend_of_Zelda__A_Link_to_the_Past.html
6611,Shrouded_Shrine.html,is,Quest,from,The_Legend_of_Zelda__Breath_of_the_Wild.html
6612,Shrouded_Stalfos.html,are,Enemy,in,The_Legend_of_Zelda_series.html
6613,Shurmak.html,is,Character,in,Zelda%27s_Adventure.html
6614,Shuteye_Inn.html,is,Location,from,The_Legend_of_Zelda__Breath_of_the_Wild.html
6615,Shutoy_Lake.html,is,Location,in,Zelda__The_Wand_of_Gamelon.html
6616,Sickle_Anchor.html,are,Object,in,The_Legend_of_Zelda__Phantom_Hourglass.html
6617,Sickle_Moon_Flag.html,is,Item,from,The_Legend_of_Zelda__The_Wind_Waker.html
6618,Sickle_Moon_Flag.html,are,Item,in,The_Legend_of_Zelda__The_Wind_Waker.html
6619,Sidon.html,is,Character,in,The_Legend_of_Zelda__Breath_of_the_Wild.html
6620,Sign-Loving_Subrosian.html,is,Character,from,The_Legend_of_Zelda__Oracle_of_Seasons.html
6621,Sign.html,are,Object,in,The_Legend_of_Zelda_series.html
6622,Sign_Ring.html,are,Item,in,The_Legend_of_Zelda__Oracle_of_Ages.html
6623,Sign_of_the_Shadow.html,is,Quest,in,The_Legend_of_Zelda__Breath_of_the_Wild.html
6624,Signpost_Maze.html,is,Location,from,The_Legend_of_Zelda__Link%27s_Awakening.html
6625,Silent_Princess.html,is,Item,from,The_Legend_of_Zelda__Breath_of_the_Wild.html
6626,Silent_Realm.html,are,Location,from,The_Legend_of_Zelda__Skyward_Sword.html
6627,Silent_Shroom.html,is,Item,from,The_Legend_of_Zelda__Breath_of_the_Wild.html
6628,Silk_Rope.html,is,Item,from,Freshly-Picked_Tingle%27s_Rosy_Rupeeland.html
6629,Silva.html,is,Character,from,The_Legend_of_Zelda__Skyward_Sword.html
6630,Silva.html,is,Character,in,The_Legend_of_Zelda__Skyward_Sword.html
6631,Silver_Bokoblin.html,are,Enemy,in,The_Legend_of_Zelda_series.html
6632,Silver_Bokoblin.html,are,Enemy,in,The_Legend_of_Zelda__Breath_of_the_Wild.html
6633,Silver_Bow.html,is,Item,from,The_Legend_of_Zelda__Breath_of_the_Wild.html
6634,Silver_Gauntlets.html,is,Item,from,The_Legend_of_Zelda__Ocarina_of_Time.html
6635,Silver_Key.html,are,Item,from,The_Legend_of_Zelda__Four_Swords.html
6636,Silver_Lizalfos.html,are,Enemy,in,The_Legend_of_Zelda_series.html
6637,Silver_Lizalfos.html,are,Enemy,in,The_Legend_of_Zelda__Breath_of_the_Wild.html
6638,Silver_Longsword.html,is,Item,from,The_Legend_of_Zelda__Breath_of_the_Wild.html
6639,Silver_Moblin.html,are,Enemy,in,The_Legend_of_Zelda_series.html
6640,Silver_Moblin.html,are,Enemy,in,The_Legend_of_Zelda__Breath_of_the_Wild.html
6641,Silver_Scale.html,is,Item,from,The_Legend_of_Zelda__Ocarina_of_Time.html
6642,Silver_Scale.html,are,Item,in,The_Legend_of_Zelda_(Series).html
6643,Silver_Shield.html,is,Item,from,The_Legend_of_Zelda__Breath_of_the_Wild.html
6644,Silverscale_Spear.html,is,Item,from,The_Legend_of_Zelda__Breath_of_the_Wild.html
6645,Simmered_Fruit.html,is,Item,in,The_Legend_of_Zelda__Breath_of_the_Wild.html
6646,Simon's_Simulations.html,is,Location,from,The_Legend_of_Zelda__The_Minish_Cap.html
6647,Simon.html,is,Character,from,The_Legend_of_Zelda__The_Minish_Cap.html
6648,Simon.html,is,Character,in,The_Legend_of_Zelda__The_Minish_Cap.html
6649,Simple_Crossbows.html,is,Item,in,The_Legend_of_Zelda_(Series).html
6650,Simple_Handrail.html,is,Object,in,The_Legend_of_Zelda__Phantom_Hourglass.html
6651,Simple_Soup.html,are,Item,in,The_Legend_of_Zelda__Twilight_Princess.html
6652,Simple_Wheel.html,are,Object,in,The_Legend_of_Zelda__Phantom_Hourglass.html
6653,Sing.html,is,Character,from,The_Legend_of_Zelda_animated_series.html
6654,Sinking_Lure.html,is,Item,in,The_Legend_of_Zelda__Majora%27s_Mask.html
6655,Sir_Combsly.html,is,Character,in,The_Legend_of_Zelda__Tri_Force_Heroes.html
6656,Sir_Raven.html,is,Character,from,The_Legend_of_Zelda__Oracle_of_Ages_(manga).html
6657,Siroc.html,is,Character,from,The_Legend_of_Zelda__The_Minish_Cap.html
6658,Siroc.html,is,Character,in,The_Legend_of_Zelda__The_Minish_Cap.html
6659,Six-Eye_Reef.html,is,Location,from,The_Legend_of_Zelda__The_Wind_Waker.html
6660,Six_Evil_Barriers.html,are,Object,from,The_Legend_of_Zelda__Ocarina_of_Time.html
6661,Six_Medallions.html,are,Item,from,The_Legend_of_Zelda__Ocarina_of_Time.html
6662,Sizzlefin_Trout.html,is,Item,from,The_Legend_of_Zelda__Breath_of_the_Wild.html
6663,Sizzlewing_Butterfly.html,is,Item,from,The_Legend_of_Zelda__Breath_of_the_Wild.html
6664,Skeldritch.html,is,Boss,in,The_Legend_of_Zelda__Spirit_Tracks.html
6665,Skeletal_Guards.html,are,Character,in,The_Legend_of_Zelda__Link%27s_Awakening_DX.html
6666,Skeleton_Knight.html,are,Enemy,in,The_Legend_of_Zelda__A_Link_to_the_Past.html
6667,Skett_and_Akoot.html,are,Character,from,The_Legend_of_Zelda__The_Wind_Waker.html
6668,Skipper's_Retreat.html,is,Location,from,The_Legend_of_Zelda__Skyward_Sword.html
6669,Skipper's_Retreat.html,is,Location,in,The_Legend_of_Zelda__Skyward_Sword.html
6670,Skipper.html,is,Character,from,The_Legend_of_Zelda__Skyward_Sword.html
6671,Skull.html,are,Item,in,The_Legend_of_Zelda_series.html
6672,Skull.html,are,Object,in,The_Legend_of_Zelda_(Series).html
6673,Skull_Dungeon.html,is,Dungeon,in,The_Legend_of_Zelda__Oracle_of_Ages.html
6674,Skull_Hammer.html,is,Weapon,from,The_Legend_of_Zelda__The_Wind_Waker.html
6675,Skull_Hammer.html,is,Item,in,The_Legend_of_Zelda__The_Wind_Waker.html
6676,Skull_Keeta.html,is,Boss,in,The_Legend_of_Zelda__Majora%27s_Mask.html
6677,Skull_Kid%2FHyrule_Warriors.html,is,Character,from,../Hyrule_Warriors_Legends.html
6678,Skull_Kid_(character).html,is,Character,in,The_Legend_of_Zelda__Ocarina_of_Time.html
6679,Skull_Lake.html,is,Location,in,The_Legend_of_Zelda__Breath_of_the_Wild.html
6680,Skull_Lake.html,is,Location,in,The_Legend_of_Zelda__Breath_of_the_Wild.html
6681,Skull_Mask.html,is,Mask,from,The_Legend_of_Zelda__Ocarina_of_Time.html
6682,Skull_Mask.html,is,Mask,in,The_Legend_of_Zelda__Ocarina_of_Time.html
6683,Skull_Necklace.html,are,Item,in,The_Legend_of_Zelda__The_Wind_Waker.html
6684,Skull_Rope.html,are,Enemy,in,The_Legend_of_Zelda__Spirit_Tracks.html
6685,Skull_Tower_Idol.html,is,Item,from,The_Legend_of_Zelda__The_Wind_Waker.html
6686,Skull_Tower_Idol.html,are,Item,in,The_Legend_of_Zelda__The_Wind_Waker.html
6687,Skull_Woods_(A_Link_Between_Worlds).html,is,Dungeon,in,Skull_Woods_(A_Link_to_the_Past).html
6688,Skull_Woods_(A_Link_to_the_Past).html,is,Dungeon,in,Dark_World_(A_Link_to_the_Past).html
6689,Skullfish.html,are,Enemy,in,The_Legend_of_Zelda_series.html
6690,Skullfish.html,are,Enemy,in,The_Legend_of_Zelda_(Series).html
6691,Skullrope.html,are,Enemy,in,The_Legend_of_Zelda_series.html
6692,Skullrope.html,are,Enemy,in,The_Legend_of_Zelda__Spirit_Tracks.html
6693,Skulltula.html,are,Enemy,in,The_Legend_of_Zelda_series.html
6694,Skulltula_House.html,is,Location,from,The_Legend_of_Zelda__Ocarina_of_Time.html
6695,Skullwalltula.html,are,Enemy,in,The_Legend_of_Zelda_series.html
6696,Skullwalltula.html,are,Enemy,in,The_Legend_of_Zelda_(Series).html
6697,Sky_Ball_&_Chain_Soldier.html,are,Enemy,in,The_Legend_of_Zelda_(Series).html
6698,Sky_Ball_and_Chain_Soldier.html,are,Enemy,in,The_Legend_of_Zelda_(Series).html
6699,Sky_Cannon.html,is,Object,in,The_Legend_of_Zelda__Twilight_Princess.html
6700,Sky_Character.html,is,Item,in,The_Legend_of_Zelda__Twilight_Princess.html
6701,Sky_Characters.html,is,Item,in,The_Legend_of_Zelda__Twilight_Princess.html
6702,Sky_Fire_Chain_Soldier.html,are,Enemy,in,The_Legend_of_Zelda_(Series).html
6703,Sky_Guardian.html,are,Enemy,in,The_Legend_of_Zelda__Skyward_Sword.html
6704,Sky_Keep.html,is,Dungeon,of,The_Legend_of_Zelda__Skyward_Sword.html
6705,Sky_Keep.html,is,Dungeon,in,The_Legend_of_Zelda__Skyward_Sword.html
6706,Sky_Language.html,is,Item,in,The_Legend_of_Zelda__Twilight_Princess.html
6707,Sky_Octorok.html,is,Enemy,from,The_Legend_of_Zelda__A_Link_to_the_Past.html
6708,Sky_Octorok.html,are,Enemy,in,The_Legend_of_Zelda__Breath_of_the_Wild.html
6709,Sky_Realm.html,are,Location,in,The_Legend_of_Zelda__Tri_Force_Heroes.html
6710,Sky_Spear_Soldier.html,are,Enemy,in,The_Legend_of_Zelda_(Series).html
6711,Sky_Watcher.html,are,Enemy,in,Guardian.html#Skyward_Sword
6712,Skyloft.html,is,Location,from,Princess_Zelda.html
6713,Skyloft_Forces.html,are,Group,in,Hyrule_Warriors.html
6714,Skytail.html,are,Enemy,in,The_Legend_of_Zelda__Skyward_Sword.html
6715,Skyview_Spring.html,is,Location,from,Princess_Zelda.html
6716,Skyview_Spring.html,is,Location,in,The_Legend_of_Zelda__Skyward_Sword.html
6717,Skyview_Temple.html,is,Dungeon,in,The_Legend_of_Zelda__Skyward_Sword.html
6718,Skyward_Sword_(Item).html,is,Item,in,The_Legend_of_Zelda_(Series).html
6719,Slarok.html,are,Enemy,from,The_Legend_of_Zelda__A_Link_to_the_Past.html
6720,Slarok.html,are,Enemy,in,The_Legend_of_Zelda__A_Link_Between_Worlds.html
6721,Sleepless_Waterfall.html,is,Location,from,The_Legend_of_Zelda__Ocarina_of_Time.html
6722,Sleepy_Mushroom.html,are,Item,in,The_Legend_of_Zelda_(Series).html
6723,Sleepy_Toadstool.html,are,Item,in,The_Legend_of_Zelda_(Series).html
6724,Slergo.html,is,Character,from,The_Legend_of_Zelda__Breath_of_the_Wild.html
6725,Slergo.html,is,Character,in,The_Legend_of_Zelda__Breath_of_the_Wild.html
6726,Slime.html,are,Enemy,in,The_Legend_of_Zelda_series.html
6727,Slime_Eel.html,is,Boss,of,Catfish%27s_Maw.html
6728,Slime_Eel.html,is,Boss,in,The_Legend_of_Zelda__Link%27s_Awakening.html
6729,Slime_Eyes.html,is,Boss,of,Key_Cavern.html
6730,Slime_Key.html,is,Item,from,The_Legend_of_Zelda__Link%27s_Awakening.html
6731,Slingshot.html,is,Item,in,The_Legend_of_Zelda_series.html
6732,Slingshot.html,is,Item,in,The_Legend_of_Zelda_(Series).html
6733,Slippery_Falcon.html,is,Shop,in,The_Legend_of_Zelda__Breath_of_the_Wild.html
6734,Slippery_Station.html,is,Location,from,The_Legend_of_Zelda__Spirit_Tracks.html
6735,Slippery_Station.html,is,Location,in,The_Legend_of_Zelda__Spirit_Tracks.html
6736,Sluggula.html,are,Enemy,from,The_Legend_of_Zelda__The_Minish_Cap.html
6737,Sluggula.html,are,Enemy,in,The_Legend_of_Zelda_(Series).html
6738,Small_Bomb_Bag.html,are,Item,from,The_Legend_of_Zelda__Skyward_Sword.html
6739,Small_Heart.html,are,Object,in,The_Legend_of_Zelda_(Series).html
6740,Small_Quiver.html,is,Item,from,The_Legend_of_Zelda__Skyward_Sword.html
6741,Small_Quiver.html,are,Item,in,The_Legend_of_Zelda_(Series).html
6742,Small_Seed_Satchel.html,is,Item,from,The_Legend_of_Zelda__Skyward_Sword.html
6743,Small_Seed_Satchel.html,is,Item,in,The_Legend_of_Zelda_(Series).html
6744,Small_Shield.html,is,Item,in,The_Legend_of_Zelda_series.html
6745,Small_Wallet.html,is,Item,from,The_Legend_of_Zelda__Skyward_Sword.html
6746,Smasher_(Link's_Awakening).html,is,Dungeon,in,The_Legend_of_Zelda__Link%27s_Awakening.html
6747,Smaude.html,is,Character,in,The_Legend_of_Zelda__Breath_of_the_Wild.html
6748,Smaude.html,is,Character,in,The_Legend_of_Zelda__Breath_of_the_Wild.html
6749,Smith's_Sword.html,is,Sword,from,The_Legend_of_Zelda__The_Minish_Cap.html
6750,Smith.html,is,Character,in,The_Legend_of_Zelda__The_Minish_Cap.html
6751,Smithery.html,is,Location,from,The_Legend_of_Zelda__A_Link_to_the_Past.html
6752,Smithery.html,is,Location,in,The_Legend_of_Zelda__A_Link_Between_Worlds.html
6753,Smog.html,is,Boss,in,The_Legend_of_Zelda_series.html
6754,Smog.html,is,Boss,in,The_Legend_of_Zelda_series.html
6755,Smog.html,is,Boss,of,Crown_Dungeon.html
6756,Smooth_Gem.html,is,Item,from,The_Legend_of_Zelda__A_Link_Between_Worlds.html
6757,Smooth_Gem.html,is,Object,in,The_Legend_of_Zelda__A_Link_Between_Worlds.html
6758,Smotherwing_Butterfly.html,is,Item,from,The_Legend_of_Zelda__Breath_of_the_Wild.html
6759,Snail.html,are,Item,in,The_Legend_of_Zelda_(Series).html
6760,Snake's_Remains.html,is,Dungeon,in,The_Legend_of_Zelda__Oracle_of_Seasons.html
6761,Snake_Remains.html,is,Dungeon,in,The_Legend_of_Zelda__Oracle_of_Seasons.html
6762,Snap_Dragon.html,are,Enemy,in,The_Legend_of_Zelda_series.html
6763,Snap_Dragon.html,are,Enemy,in,The_Legend_of_Zelda_(Series).html
6764,Sneaky_Elixir.html,is,Item,in,The_Legend_of_Zelda__Breath_of_the_Wild.html
6765,Sneaky_Mushroom_Skewer.html,is,Item,in,The_Legend_of_Zelda__Breath_of_the_Wild.html
6766,Sneaky_River_Escargot.html,is,Item,from,The_Legend_of_Zelda__Breath_of_the_Wild.html
6767,Sneaky_River_Snail.html,is,Item,from,The_Legend_of_Zelda__Breath_of_the_Wild.html
6768,Sneaky_Steamed_Fish.html,is,Item,in,The_Legend_of_Zelda__Breath_of_the_Wild.html
6769,Sneaky_Steamed_Meat.html,is,Item,in,The_Legend_of_Zelda__Breath_of_the_Wild.html
6770,Sneaky_Steamed_Mushrooms.html,are,Item,in,The_Legend_of_Zelda__Breath_of_the_Wild.html
6771,Snow_Ball.html,are,Object,in,The_Legend_of_Zelda_(Series).html
6772,Snow_Boots.html,are,Item,from,The_Legend_of_Zelda__Breath_of_the_Wild.html
6773,Snow_Octorok.html,are,Enemy,in,The_Legend_of_Zelda__Breath_of_the_Wild.html
6774,Snow_Octorok.html,are,Enemy,in,The_Legend_of_Zelda__Breath_of_the_Wild.html
6775,Snow_Realm.html,is,Location,from,The_Legend_of_Zelda__Phantom_Hourglass.html
6776,Snow_Sanctuary.html,is,Location,in,Snow_Realm.html
6777,Snow_Wall.html,are,Object,from,The_Legend_of_Zelda__Four_Swords_Adventures.html
6778,Snowball.html,are,Object,in,The_Legend_of_Zelda_(Series).html
6779,Snowdrift_Station.html,is,Location,from,The_Legend_of_Zelda__Spirit_Tracks.html
6780,Snowdrift_Station.html,is,Location,in,The_Legend_of_Zelda__Spirit_Tracks.html
6781,Snowfield_Stable.html,is,Location,in,The_Legend_of_Zelda__Breath_of_the_Wild.html
6782,Snowhead.html,is,Location,from,The_Legend_of_Zelda__Majora%27s_Mask.html
6783,Snowhead_Blacksmiths.html,are,Character,in,The_Legend_of_Zelda__Majora%27s_Mask.html
6784,Snowhead_Temple.html,is,Dungeon,in,The_Legend_of_Zelda__Majora%27s_Mask.html
6785,Snowhead_Temple.html,is,Dungeon,in,The_Legend_of_Zelda__Majora%27s_Mask.html
6786,Snowpeak.html,is,Location,in,The_Legend_of_Zelda__Twilight_Princess.html
6787,Snowpeak_Ruins.html,is,Dungeon,in,The_Legend_of_Zelda__Twilight_Princess.html
6788,Snowpeak_Top.html,is,Location,in,The_Legend_of_Zelda__Twilight_Princess.html
6789,Snowquill_Headdress.html,is,Item,in,The_Legend_of_Zelda__Breath_of_the_Wild.html
6790,Snowquill_Trousers.html,are,Item,in,The_Legend_of_Zelda__Breath_of_the_Wild.html
6791,Snowquill_Tunic.html,is,Item,in,The_Legend_of_Zelda__Breath_of_the_Wild.html
6792,Snowshoe_Ring.html,are,Item,in,The_Legend_of_Zelda__Oracle_of_Ages.html
6793,Snurglar.html,are,Enemy,from,The_Legend_of_Zelda__Spirit_Tracks.html
6794,Snurglar.html,is,Enemy,in,The_Legend_of_Zelda__Spirit_Tracks.html
6795,Snurgle.html,are,Enemy,from,The_Legend_of_Zelda__Spirit_Tracks.html
6796,Snurgle.html,is,Enemy,in,The_Legend_of_Zelda__Spirit_Tracks.html
6797,Soal.html,is,Character,in,The_Legend_of_Zelda__Twilight_Princess.html
6798,Soh_Kofi.html,is,Character,from,The_Legend_of_Zelda__Breath_of_the_Wild.html
6799,Soka_Point.html,is,Location,from,The_Legend_of_Zelda__Breath_of_the_Wild.html
6800,Sokkala_Bridge.html,is,Location,from,The_Legend_of_Zelda__Breath_of_the_Wild.html
6801,Sokra.html,is,Character,in,The_Legend_of_Zelda__Oracle_of_Seasons.html
6802,Soldier's_Armor.html,is,Item,from,The_Legend_of_Zelda__Breath_of_the_Wild.html
6803,Soldier's_Bow.html,is,Item,from,The_Legend_of_Zelda__Breath_of_the_Wild.html
6804,Soldier's_Bow.html,is,Item,in,The_Legend_of_Zelda__Breath_of_the_Wild.html
6805,Soldier's_Broadsword.html,is,Item,from,The_Legend_of_Zelda__Breath_of_the_Wild.html
6806,Soldier's_Claymore.html,is,Item,from,The_Legend_of_Zelda__Breath_of_the_Wild.html
6807,Soldier's_Greaves.html,is,Item,from,The_Legend_of_Zelda__Breath_of_the_Wild.html
6808,Soldier's_Helm.html,is,Item,from,The_Legend_of_Zelda__Breath_of_the_Wild.html
6809,Soldier's_Shield.html,is,Item,from,The_Legend_of_Zelda__Breath_of_the_Wild.html
6810,Soldier's_Shield.html,is,Item,in,The_Legend_of_Zelda__Breath_of_the_Wild.html
6811,Soldier.html,are,Group,in,The_Legend_of_Zelda__Four_Swords_Adventures.html
6812,Soldier_in_the_Back_Alley.html,is,Character,from,The_Legend_of_Zelda__Ocarina_of_Time.html
6813,Solewood_Range.html,is,Location,in,The_Legend_of_Zelda__Breath_of_the_Wild.html
6814,Sonata_of_Awakening.html,is,Song,from,The_Legend_of_Zelda__Majora%27s_Mask.html
6815,Song_Stone.html,are,Object,from,The_Legend_of_Zelda__Ocarina_of_Time.html
6816,Song_Stone.html,are,Object,in,The_Legend_of_Zelda_(Series).html
6817,Song_of_Awakening.html,is,Song,from,The_Legend_of_Zelda__Spirit_Tracks.html
6818,Song_of_Birds.html,is,Song,from,The_Legend_of_Zelda__Spirit_Tracks.html
6819,Song_of_Birds.html,is,Song,in,The_Legend_of_Zelda__Spirit_Tracks.html
6820,Song_of_Discovery.html,is,Song,from,The_Legend_of_Zelda__Spirit_Tracks.html
6821,Song_of_Double_Time.html,is,Song,from,The_Legend_of_Zelda__Majora%27s_Mask.html
6822,Song_of_Double_Time.html,is,Song,in,The_Legend_of_Zelda_(Series).html
6823,Song_of_Healing.html,is,Song,in,The_Legend_of_Zelda_(Series).html
6824,Song_of_Healing_(Majora's_Mask).html,is,Song,from,The_Legend_of_Zelda__Majora%27s_Mask.html
6825,Song_of_Healing_(Spirit_Tracks).html,is,Song,from,The_Legend_of_Zelda__Spirit_Tracks.html
6826,Song_of_Light.html,is,Song,from,The_Legend_of_Zelda__Spirit_Tracks.html
6827,Song_of_Passing.html,is,Song,from,The_Legend_of_Zelda__The_Wind_Waker.html
6828,Song_of_Soaring.html,is,Song,from,The_Legend_of_Zelda__Majora%27s_Mask.html
6829,Song_of_Soaring.html,is,Song,in,The_Legend_of_Zelda__Majora%27s_Mask.html
6830,Song_of_Storms.html,is,Song,in,The_Legend_of_Zelda_series.html
6831,Song_of_Storms.html,is,Song,in,The_Legend_of_Zelda_(Series).html
6832,Song_of_Time.html,is,Song,in,The_Legend_of_Zelda_series.html
6833,Song_of_Time.html,is,Song,in,The_Legend_of_Zelda_(Series).html
6834,Song_of_the_Hero.html,is,Song,from,The_Legend_of_Zelda_Theme.html
6835,Sophie.html,is,Character,in,The_Legend_of_Zelda__Breath_of_the_Wild.html
6836,Sophie.html,is,Character,in,The_Legend_of_Zelda__Breath_of_the_Wild.html
6837,Sorelia.html,is,Character,in,The_Legend_of_Zelda__Breath_of_the_Wild.html
6838,Soup_Ladle.html,is,Item,in,The_Legend_of_Zelda__Breath_of_the_Wild.html
6839,Soup_Ladle.html,are,Item,in,The_Legend_of_Zelda__Breath_of_the_Wild.html
6840,Soups_in_Twilight_Princess.html,are,Item,in,The_Legend_of_Zelda__Twilight_Princess.html
6841,South_Akkala_Plains.html,are,Location,in,The_Legend_of_Zelda__Breath_of_the_Wild.html
6842,South_Akkala_Stable.html,is,Location,in,Akkala_Highlands.html
6843,South_Clock_Town.html,is,Location,from,The_Legend_of_Zelda__Majora%27s_Mask.html
6844,South_Gubasha_Desert.html,is,Location,in,Zelda%27s_Adventure.html
6845,South_Hyrule_Field.html,is,Location,from,The_Legend_of_Zelda__The_Minish_Cap.html
6846,South_Koukot_Plateau.html,is,Location,from,The_Legend_of_Zelda__Breath_of_the_Wild.html
6847,South_Lake_Akkala.html,is,Location,in,The_Legend_of_Zelda__Breath_of_the_Wild.html
6848,South_Lomei_Labyrinth.html,is,Location,in,The_Legend_of_Zelda__Breath_of_the_Wild.html
6849,South_Nabi_Lake.html,is,Location,in,The_Legend_of_Zelda__Breath_of_the_Wild.html
6850,South_Port.html,is,Location,in,Zelda%27s_Adventure.html
6851,South_Road.html,is,Location,in,The_Legend_of_Zelda__Twilight_Princess.html
6852,South_Taafei_Hill.html,is,Location,from,The_Legend_of_Zelda__Breath_of_the_Wild.html
6853,South_of_the_Village.html,is,Location,from,The_Legend_of_Zelda__Link%27s_Awakening.html
6854,Southern_Face_Shrine.html,is,Dungeon,in,The_Legend_of_Zelda__Link%27s_Awakening.html
6855,Southern_Fairy_Island.html,is,Location,of,The_Legend_of_Zelda__The_Wind_Waker.html
6856,Southern_Mine.html,is,Location,in,The_Legend_of_Zelda__Breath_of_the_Wild.html
6857,Southern_Mine.html,is,Location,in,The_Legend_of_Zelda__Breath_of_the_Wild.html
6858,Southern_Oasis.html,is,Location,from,The_Legend_of_Zelda__Breath_of_the_Wild.html
6859,Southern_Oasis.html,is,Location,in,The_Legend_of_Zelda__Breath_of_the_Wild.html
6860,Southern_Ruins.html,is,Location,in,The_Legend_of_Zelda__A_Link_Between_Worlds.html
6861,Southern_Swamp.html,is,Location,from,The_Legend_of_Zelda__Majora%27s_Mask.html
6862,Southern_Swamp.html,is,Location,in,The_Legend_of_Zelda__Majora%27s_Mask.html
6863,Southern_Tal_Tal_Peak.html,is,Location,from,The_Legend_of_Zelda__Breath_of_the_Wild.html
6864,Southern_Triangle_Island.html,is,Location,from,The_Legend_of_Zelda__The_Wind_Waker.html
6865,Spare_Key.html,is,Item,in,The_Legend_of_Zelda__The_Minish_Cap.html
6866,Spark.html,are,Enemy,in,The_Legend_of_Zelda_series.html
6867,Sparring_Hall.html,is,Location,from,The_Legend_of_Zelda__Skyward_Sword.html
6868,Sparring_Hall.html,is,Location,in,The_Legend_of_Zelda__Skyward_Sword.html
6869,Sparrot.html,is,Character,from,The_Legend_of_Zelda__Skyward_Sword.html
6870,Spear_Boy.html,is,Character,in,The_Legend_of_Zelda__A_Link_Between_Worlds.html
6871,Spear_Moblin.html,are,Enemy,in,The_Legend_of_Zelda_(Series).html
6872,Spear_Soldier.html,are,Enemy,in,The_Legend_of_Zelda_(Series).html
6873,Spear_Throwing_Moblin.html,are,Enemy,in,The_Legend_of_Zelda_(Series).html
6874,Spear_Throwing_Soldier.html,are,Enemy,in,The_Legend_of_Zelda_(Series).html
6875,Spearfish_Falls.html,is,Location,in,Link__The_Faces_of_Evil.html
6876,Spectacle_Island.html,is,Location,from,The_Legend_of_Zelda__The_Wind_Waker.html
6877,Spectacle_Rock.html,is,Location,in,The_Legend_of_Zelda_series.html
6878,Spender_Emblem.html,is,Item,from,Freshly-Picked_Tingle%27s_Rosy_Rupeeland.html
6879,Spera.html,is,Character,in,The_Legend_of_Zelda__Breath_of_the_Wild.html
6880,Spera.html,is,Character,in,The_Legend_of_Zelda__Breath_of_the_Wild.html
6881,Spiced_Meat_Skewer.html,is,Item,from,The_Legend_of_Zelda__Breath_of_the_Wild.html
6882,Spicy_Elixir.html,is,Item,with,The_Legend_of_Zelda__Breath_of_the_Wild.html
6883,Spicy_Fruit_&_Mushroom_Mix.html,is,Item,in,The_Legend_of_Zelda__Breath_of_the_Wild.html
6884,Spicy_Fruit_and_Mushroom_Mix.html,is,Item,in,The_Legend_of_Zelda__Breath_of_the_Wild.html
6885,Spicy_Pepper.html,is,Item,from,The_Legend_of_Zelda__Breath_of_the_Wild.html
6886,Spicy_Pepper_Steak.html,is,Item,in,The_Legend_of_Zelda__Breath_of_the_Wild.html
6887,Spicy_SautÇed_Peppers.html,is,Item,from,The_Legend_of_Zelda__Breath_of_the_Wild.html
6888,Spiderock.html,are,Enemy,in,The_Legend_of_Zelda__A_Link_Between_Worlds.html
6889,Spike.html,are,Enemy,from,The_Legend_of_Zelda__Link%27s_Awakening.html
6890,Spike.html,are,Enemy,in,The_Legend_of_Zelda_(Series).html
6891,Spike_Handrail.html,are,Object,in,The_Legend_of_Zelda__Phantom_Hourglass.html
6892,Spiked_Boko_Bat.html,is,Item,in,The_Legend_of_Zelda__Breath_of_the_Wild.html
6893,Spiked_Boko_Bow.html,is,Item,in,The_Legend_of_Zelda__Breath_of_the_Wild.html
6894,Spiked_Boko_Bow.html,is,Item,throughout,The_Legend_of_Zelda__The_Wind_Waker.html
6895,Spiked_Boko_Bow.html,is,Item,throughout,The_Legend_of_Zelda__The_Wind_Waker.html
6896,Spiked_Boko_Club.html,is,Item,in,The_Legend_of_Zelda__Breath_of_the_Wild.html
6897,Spiked_Boko_Shield.html,is,Item,in,The_Legend_of_Zelda__Breath_of_the_Wild.html
6898,Spiked_Boko_Spear.html,is,Item,in,The_Legend_of_Zelda__Breath_of_the_Wild.html
6899,Spiked_Boko_Spear.html,are,Weapon,in,The_Legend_of_Zelda__Breath_of_the_Wild.html
6900,Spiked_Moblin_Club.html,is,Item,in,The_Legend_of_Zelda__Breath_of_the_Wild.html
6901,Spiked_Moblin_Spear.html,is,Item,in,The_Legend_of_Zelda__Breath_of_the_Wild.html
6902,Spiked_Thwomp.html,are,Enemy,in,The_Legend_of_Zelda__Link%27s_Awakening.html
6903,Spin_Ring.html,are,Item,in,The_Legend_of_Zelda__Oracle_of_Ages.html
6904,Spinch.html,is,Character,from,The_Legend_of_Zelda__Breath_of_the_Wild.html
6905,Spinner.html,is,Item,in,The_Legend_of_Zelda__Twilight_Princess.html
6906,Spinut.html,are,Enemy,from,The_Legend_of_Zelda__Spirit_Tracks.html
6907,Spinut.html,are,Enemy,in,The_Legend_of_Zelda__Spirit_Tracks.html
6908,Spiny_Beetle.html,are,Enemy,in,The_Legend_of_Zelda_series.html
6909,Spiny_Beetle.html,are,Enemy,in,The_Legend_of_Zelda_(Series).html
6910,Spiny_ChuChu.html,are,Enemy,from,The_Legend_of_Zelda__The_Minish_Cap.html
6911,Spirit's_Grave.html,is,Dungeon,in,Labrynna.html
6912,Spirit_Flute.html,is,Item,from,The_Legend_of_Zelda__Spirit_Tracks.html
6913,Spirit_Pipes.html,is,Item,from,The_Legend_of_Zelda__Spirit_Tracks.html
6914,Spirit_Spring.html,are,Location,in,The_Legend_of_Zelda__Twilight_Princess.html
6915,Spirit_Temple.html,is,Dungeon,in,The_Legend_of_Zelda__Ocarina_of_Time.html
6916,Spirit_Temple.html,is,Dungeon,in,The_Legend_of_Zelda__Ocarina_of_Time.html
6917,Spirit_Tracks.html,are,Object,from,The_Legend_of_Zelda__Spirit_Tracks.html
6918,Spirit_Vessel.html,are,Item,from,The_Legend_of_Zelda__Skyward_Sword.html
6919,Spirit_of_Courage.html,is,Character,from,The_Legend_of_Zelda__Phantom_Hourglass.html
6920,Spirit_of_Healing.html,is,Character,from,The_Legend_of_Zelda__Spirit_Tracks.html
6921,Spirit_of_Healing.html,is,Character,in,The_Legend_of_Zelda__Spirit_Tracks.html
6922,Spirit_of_Power.html,is,Character,in,The_Legend_of_Zelda__Phantom_Hourglass.html
6923,Spirit_of_Wisdom.html,is,Character,in,The_Legend_of_Zelda__Phantom_Hourglass.html
6924,Spirit_of_the_Mansion.html,is,Character,from,The_Legend_of_Zelda__Link%27s_Awakening.html
6925,Spirit_of_the_Mansion.html,is,Character,from,The_Legend_of_Zelda__Link%27s_Awakening.html
6926,Spiritual_Stone_of_Fire.html,are,Item,from,The_Legend_of_Zelda__Ocarina_of_Time.html
6927,Spiritual_Stones.html,are,Item,from,The_Legend_of_Zelda__Ocarina_of_Time.html
6928,Splitblade.html,is,Character,from,The_Legend_of_Zelda__The_Minish_Cap.html
6929,Splitblade.html,are,Character,in,The_Legend_of_Zelda__The_Minish_Cap.html
6930,Spoil.html,are,Item,in,The_Legend_of_Zelda__The_Wind_Waker.html
6931,Spoils.html,are,Item,in,The_Legend_of_Zelda__The_Wind_Waker.html
6932,Spoils_Bag.html,is,Item,from,The_Legend_of_Zelda__The_Wind_Waker.html
6933,Spoils_Bag.html,is,Item,in,The_Legend_of_Zelda__The_Wind_Waker.html
6934,Spookter_&_Spekter.html,are,Character,from,The_Legend_of_Zelda__The_Minish_Cap.html
6935,Spooky_Mask.html,is,Mask,from,The_Legend_of_Zelda__Ocarina_of_Time.html
6936,Spool_Bight.html,is,Location,in,The_Legend_of_Zelda__Breath_of_the_Wild.html
6937,Spoone.html,is,Character,from,The_Legend_of_Zelda__Breath_of_the_Wild.html
6938,Spore_Store.html,is,Shop,from,The_Legend_of_Zelda__Breath_of_the_Wild.html
6939,Spring-Loaded_Hammer.html,is,Item,in,The_Legend_of_Zelda__Breath_of_the_Wild.html
6940,Spring-Loaded_Hammer.html,is,Item,in,The_Legend_of_Zelda__Breath_of_the_Wild.html
6941,Spring_Banana.html,are,Item,in,The_Legend_of_Zelda__Oracle_of_Seasons.html
6942,Spring_Bananas.html,are,Item,in,The_Legend_of_Zelda__Oracle_of_Seasons.html
6943,Spring_Water.html,is,Item,in,The_Legend_of_Zelda_series.html
6944,Spring_Water.html,is,Item,in,The_Legend_of_Zelda_(Series).html
6945,Spring_Water_Cave.html,is,Location,from,The_Legend_of_Zelda__Majora%27s_Mask.html
6946,Spring_Water_Cave.html,is,Location,in,The_Legend_of_Zelda__Majora%27s_Mask.html
6947,Spring_of_Courage.html,is,Location,from,The_Legend_of_Zelda__Breath_of_the_Wild.html
6948,Spring_of_Courage.html,is,Location,in,The_Legend_of_Zelda__Breath_of_the_Wild.html
6949,Spring_of_Power.html,is,Location,from,The_Legend_of_Zelda__Breath_of_the_Wild.html
6950,Spring_of_Power.html,is,Location,in,The_Legend_of_Zelda__Breath_of_the_Wild.html
6951,Spring_of_Wisdom.html,is,Location,from,The_Legend_of_Zelda__Breath_of_the_Wild.html
6952,Spring_of_Wisdom.html,is,Location,in,The_Legend_of_Zelda__Breath_of_the_Wild.html
6953,Spring_of_the_Spirit_Lanayru.html,is,Location,in,The_Legend_of_Zelda__Twilight_Princess.html
6954,Springboard.html,are,Object,in,The_Legend_of_Zelda__Phantom_Hourglass.html
6955,Sprinn.html,is,Character,in,The_Legend_of_Zelda__Breath_of_the_Wild.html
6956,Sprites.html,is,Character,in,The_Legend_of_Zelda_(TV_Series).html
6957,Spryte.html,is,Character,from,The_Legend_of_Zelda_animated_series.html
6958,Spryte.html,is,Character,in,The_Legend_of_Zelda_(TV_Series).html
6959,Spume.html,are,Enemy,in,The_Legend_of_Zelda__Skyward_Sword.html
6960,Squabble_River.html,is,Location,in,The_Legend_of_Zelda__Breath_of_the_Wild.html
6961,Squabble_River.html,is,Location,in,The_Legend_of_Zelda__Breath_of_the_Wild.html
6962,Square_Crystal.html,are,Object,in,The_Legend_of_Zelda_(Series).html
6963,Squid_Carving.html,is,Item,from,The_Legend_of_Zelda__Skyward_Sword.html
6964,Squid_Carving.html,are,Item,in,The_Legend_of_Zelda__Skyward_Sword.html
6965,Stable.html,are,Location,in,The_Legend_of_Zelda__Breath_of_the_Wild.html
6966,Stable_Bridle.html,is,Item,from,The_Legend_of_Zelda__Breath_of_the_Wild.html
6967,Stable_Saddle.html,is,Item,from,The_Legend_of_Zelda__Breath_of_the_Wild.html
6968,Stagnox.html,is,Boss,in,Hyrule_Castle_Town.html#Spirit_Tracks
6969,Stairy_Plateau.html,is,Location,in,The_Legend_of_Zelda__Breath_of_the_Wild.html
6970,Stal.html,are,Enemy,in,The_Legend_of_Zelda__A_Link_Between_Worlds.html
6971,Stalbind.html,is,Boss,of,Thieves%27_Town_(A_Link_Between_Worlds).html
6972,Stalblind.html,is,Boss,of,Thieves%27_Town_(A_Link_Between_Worlds).html
6973,Stalblind.html,is,Boss,of,Thieves%27_Town_(A_Link_Between_Worlds).html
6974,Stalchampion.html,is,Boss,of,Desert_Temple_(Tri_Force_Heroes).html
6975,Stalchampion.html,is,Boss,of,Desert_Temple_(Tri_Force_Heroes).html
6976,Stalchild.html,are,Enemy,in,The_Legend_of_Zelda_series.html
6977,Stalchildren.html,are,Enemy,in,The_Legend_of_Zelda_series.html
6978,Staldra.html,are,Enemy,from,The_Legend_of_Zelda__Skyward_Sword.html
6979,Staldra.html,are,Enemy,in,The_Legend_of_Zelda__Skyward_Sword.html
6980,Stalfos.html,are,Enemy,in,The_Legend_of_Zelda_series.html
6981,Stalfos.html,are,Enemy,in,The_Legend_of_Zelda_(Series).html
6982,Stalfos_Knight.html,are,Enemy,in,The_Legend_of_Zelda_series.html
6983,Stalfos_Knight.html,are,Enemy,in,The_Legend_of_Zelda__A_Link_to_the_Past.html
6984,Stalfos_Pirates.html,are,Enemy,in,The_Legend_of_Zelda_(Series).html
6985,Stalfos_Skull.html,are,Item,from,The_Legend_of_Zelda__Spirit_Tracks.html
6986,Stalfos_Skull.html,are,Item,in,The_Legend_of_Zelda_(Series).html
6987,Stalfos_Warrior.html,are,Enemy,from,The_Legend_of_Zelda__Phantom_Hourglass.html
6988,Stalfos_Warrior.html,are,Enemy,in,The_Legend_of_Zelda_(Series).html
6989,Stalhound.html,are,Enemy,in,The_Legend_of_Zelda__Twilight_Princess.html
6990,Stalizalfos.html,are,Enemy,from,The_Legend_of_Zelda__Breath_of_the_Wild.html
6991,Stalizalfos.html,are,Enemy,in,The_Legend_of_Zelda__Breath_of_the_Wild.html
6992,Stalkoblin.html,are,Enemy,from,The_Legend_of_Zelda__Breath_of_the_Wild.html
6993,Stalkoblin.html,are,Enemy,in,The_Legend_of_Zelda__Breath_of_the_Wild.html
6994,Stallord.html,is,Boss,of,Arbiter%27s_Grounds_(Twilight_Princess).html
6995,Stallord.html,is,Boss,of,Arbiter%27s_Grounds_(Twilight_Princess).html
6996,Stalmaster.html,is,Boss,in,The_Legend_of_Zelda__Skyward_Sword.html
6997,Stalmoblin.html,are,Enemy,from,The_Legend_of_Zelda__Breath_of_the_Wild.html
6998,Stalmoblin.html,are,Enemy,in,The_Legend_of_Zelda__Breath_of_the_Wild.html
6999,Stalnox.html,is,Boss,in,The_Legend_of_Zelda__Breath_of_the_Wild.html
7000,Stalry_Plateau.html,is,Location,in,The_Legend_of_Zelda__Breath_of_the_Wild.html
7001,Stalry_Plateau.html,is,Location,in,The_Legend_of_Zelda__Breath_of_the_Wild.html
7002,Stamella_Shroom.html,is,Item,in,The_Legend_of_Zelda__Breath_of_the_Wild.html
7003,Stamella_Shroom.html,are,Item,in,The_Legend_of_Zelda__Breath_of_the_Wild.html
7004,Stamina_Fruit.html,are,Item,from,Hyrule.html#The_Legend_of_Zelda:_Skyward_Sword
7005,Stamina_Fruit.html,are,Object,in,The_Legend_of_Zelda__Skyward_Sword.html
7006,Stamina_Fruit_I.html,are,Object,in,Hyrule_Warriors_Legends.html
7007,Stamina_Fruit_II.html,are,Object,in,Hyrule_Warriors_Legends.html
7008,Stamina_Fruit_III.html,are,Object,in,Hyrule_Warriors_Legends.html
7009,Stamina_Potion.html,is,Item,from,The_Legend_of_Zelda__Skyward_Sword.html
7010,Stamina_Scroll.html,is,Item,from,The_Legend_of_Zelda__A_Link_Between_Worlds.html
7011,Stamina_Scroll.html,is,Item,in,The_Legend_of_Zelda__A_Link_Between_Worlds.html
7012,Stamina_Vessel.html,is,Item,in,The_Legend_of_Zelda__Breath_of_the_Wild.html
7013,Stamina_Vessel.html,are,Item,in,The_Legend_of_Zelda__Breath_of_the_Wild.html
7014,Staminoka_Bass.html,is,Item,from,The_Legend_of_Zelda__Breath_of_the_Wild.html
7015,Stamm.html,is,Character,from,The_Legend_of_Zelda__Breath_of_the_Wild.html
7016,Stamp.html,is,Character,from,The_Legend_of_Zelda__The_Minish_Cap.html
7017,Stamp.html,is,Character,in,The_Legend_of_Zelda__The_Minish_Cap.html
7018,Stamp_Book.html,is,Item,from,The_Legend_of_Zelda__Spirit_Tracks.html
7019,Stamp_Station.html,are,Item,from,The_Legend_of_Zelda__Spirit_Tracks.html
7020,Standard_Hull.html,is,Object,in,The_Legend_of_Zelda__Phantom_Hourglass.html
7021,Standard_Shield.html,is,Shield,from,The_Legend_of_Zelda__Link%27s_Awakening.html
7022,Star-Shaped_Ore.html,are,Item,in,The_Legend_of_Zelda__Oracle_of_Seasons.html
7023,Star.html,are,Enemy,from,The_Legend_of_Zelda__Link%27s_Awakening.html
7024,Star.html,are,Enemy,in,The_Legend_of_Zelda__Link%27s_Awakening.html
7025,Star_Belt_Archipelago.html,is,Location,from,The_Legend_of_Zelda__The_Wind_Waker.html
7026,Star_Fragment.html,is,Item,in,The_Legend_of_Zelda_(Series).html
7027,Star_Island.html,is,Location,from,The_Legend_of_Zelda__The_Wind_Waker.html
7028,Starlight_Memories.html,is,Shop,from,The_Legend_of_Zelda__Breath_of_the_Wild.html
7029,Stasis_Rune.html,is,Item,from,The_Legend_of_Zelda__Breath_of_the_Wild.html
7030,Statue_of_the_Eighth_Heroine.html,is,Location,in,The_Legend_of_Zelda__Breath_of_the_Wild.html
7031,Statue_of_the_Eighth_Heroine.html,is,Location,in,The_Legend_of_Zelda__Breath_of_the_Wild.html
7032,Statue_of_the_Goddess.html,is,Location,from,The_Legend_of_Zelda__Skyward_Sword.html
7033,Steady_Bridge.html,is,Object,in,The_Legend_of_Zelda__Phantom_Hourglass.html
7034,Steak_Skewer.html,is,Item,in,The_Legend_of_Zelda__Breath_of_the_Wild.html
7035,Stealth_Chest_Guard.html,is,Item,from,The_Legend_of_Zelda__Breath_of_the_Wild.html
7036,Stealth_Mask.html,is,Item,from,The_Legend_of_Zelda__Breath_of_the_Wild.html
7037,Stealth_Tights.html,are,Item,from,The_Legend_of_Zelda__Breath_of_the_Wild.html
7038,Stealthfin_Trout.html,is,Item,from,The_Legend_of_Zelda__Breath_of_the_Wild.html
7039,Steamed_Fish.html,is,Item,from,The_Legend_of_Zelda__Breath_of_the_Wild.html
7040,Steamed_Fruit.html,is,Item,from,The_Legend_of_Zelda__Breath_of_the_Wild.html
7041,Steamed_Meat.html,are,Item,in,The_Legend_of_Zelda__Breath_of_the_Wild.html
7042,Steamed_Mushrooms.html,are,Item,in,The_Legend_of_Zelda__Breath_of_the_Wild.html
7043,Steamy_Marsh.html,is,Location,from,Freshly-Picked_Tingle%27s_Rosy_Rupeeland.html
7044,Steel_Lizal_Bow.html,is,Item,in,The_Legend_of_Zelda__Breath_of_the_Wild.html
7045,Steel_Lizal_Shield.html,is,Item,in,The_Legend_of_Zelda__Breath_of_the_Wild.html
7046,Steel_Mask.html,is,Mask,from,The_Legend_of_Zelda__Tri_Force_Heroes.html
7047,Steem.html,is,Character,from,The_Legend_of_Zelda__Spirit_Tracks.html
7048,Steem.html,is,Character,from,Spirit_Tracks_(Object).html
7049,Steen.html,is,Character,from,The_Legend_of_Zelda__Breath_of_the_Wild.html
7050,Stepladder.html,is,Item,from,The_Legend_of_Zelda.html
7051,Stepladder.html,is,Item,in,The_Legend_of_Zelda_(Game).html
7052,Stick.html,is,Item,from,The_Legend_of_Zelda__Link%27s_Awakening.html
7053,Sticker.html,are,Item,in,Super_Smash_Bros-4.html
7054,Stickers.html,are,Item,in,Super_Smash_Bros-4.html
7055,Stinger.html,are,Enemy,from,The_Legend_of_Zelda__Ocarina_of_Time.html
7056,Stinger_Cliffs.html,are,Location,from,The_Legend_of_Zelda__Breath_of_the_Wild.html
7057,Stock_Pot_Inn.html,is,Location,from,The_Legend_of_Zelda__Majora%27s_Mask.html
7058,Stock_Pot_Inn.html,is,Location,in,East_Clock_Town.html
7059,Stockpot_Inn.html,is,Location,in,East_Clock_Town.html
7060,Stockwell's_House.html,is,Location,from,The_Legend_of_Zelda__The_Minish_Cap.html
7061,Stockwell's_Shop.html,is,Location,in,The_Legend_of_Zelda__The_Minish_Cap.html
7062,Stockwell.html,is,Character,in,The_Legend_of_Zelda_series.html
7063,Stolock_Bridge.html,is,Location,in,The_Legend_of_Zelda__Breath_of_the_Wild.html
7064,Stolock_Bridge.html,is,Location,in,The_Legend_of_Zelda__Breath_of_the_Wild.html
7065,Stone_Arrghus.html,is,Boss,of,Eastern_Hyrule_(Four_Swords_Adventures).html
7066,Stone_Arrghus.html,is,Boss,of,Eastern_Temple.html
7067,Stone_Chimney.html,are,Object,in,The_Legend_of_Zelda__Phantom_Hourglass.html
7068,Stone_Hull.html,are,Object,in,The_Legend_of_Zelda__Phantom_Hourglass.html
7069,Stone_Mask.html,is,Mask,in,The_Legend_of_Zelda__Majora%27s_Mask.html
7070,Stone_Pebblit.html,are,Enemy,from,The_Legend_of_Zelda__Breath_of_the_Wild.html
7071,Stone_Ship.html,are,Object,in,The_Legend_of_Zelda__Phantom_Hourglass.html
7072,Stone_Slab.html,are,Object,in,The_Legend_of_Zelda__Link%27s_Awakening.html
7073,Stone_Slab_Fragment.html,are,Object,in,The_Legend_of_Zelda__Link%27s_Awakening.html
7074,Stone_Slabs_and_Fragments.html,are,Object,in,The_Legend_of_Zelda__Link%27s_Awakening.html
7075,Stone_Smasher.html,is,Item,in,The_Legend_of_Zelda__Breath_of_the_Wild.html
7076,Stone_Tower.html,is,Location,from,The_Legend_of_Zelda__Majora%27s_Mask.html
7077,Stone_Tower.html,is,Location,in,The_Legend_of_Zelda__Majora%27s_Mask.html
7078,Stone_Tower_Temple.html,is,Dungeon,in,The_Legend_of_Zelda__Majora%27s_Mask.html
7079,Stone_Tower_Temple.html,is,Dungeon,in,The_Legend_of_Zelda__Majora%27s_Mask.html
7080,Stone_Watcher_Island.html,is,Location,from,The_Legend_of_Zelda__The_Wind_Waker.html
7081,Stone_of_Agony.html,is,Item,from,The_Legend_of_Zelda__Ocarina_of_Time.html
7082,Stone_of_Agony.html,is,Item,in,The_Legend_of_Zelda__Ocarina_of_Time.html
7083,Stone_of_Trials.html,is,Item,from,The_Legend_of_Zelda__Skyward_Sword.html
7084,Stone_of_Trials.html,is,Item,in,The_Legend_of_Zelda__Skyward_Sword.html
7085,Stool.html,are,Object,from,Second_Quest.html#The_Legend_of_Zelda:_Skyward_Sword
7086,Storm.html,is,Character,by,The_Legend_of_Zelda_comics.html
7087,Strade.html,is,Character,in,The_Legend_of_Zelda__Breath_of_the_Wild.html
7088,Strade.html,is,Character,in,The_Legend_of_Zelda__Breath_of_the_Wild.html
7089,Straia.html,is,Character,in,The_Legend_of_Zelda__Breath_of_the_Wild.html
7090,Strange_Chimney.html,are,Object,in,The_Legend_of_Zelda__Phantom_Hourglass.html
7091,Strange_Flute.html,is,Item,in,The_Legend_of_Zelda__Oracle_of_Ages.html
7092,Stranger.html,is,Character,from,The_Legend_of_Zelda__The_Minish_Cap.html
7093,Stranger.html,is,Character,in,The_Legend_of_Zelda__The_Minish_Cap.html
7094,Strata.html,is,Character,from,The_Legend_of_Zelda__The_Minish_Cap.html
7095,StreetPass_Meadow.html,is,Location,in,The_Legend_of_Zelda__A_Link_Between_Worlds.html
7096,Street_Merchant.html,is,Character,from,The_Legend_of_Zelda__Tri_Force_Heroes.html
7097,Street_Merchant.html,is,Character,in,The_Legend_of_Zelda_(Series).html
7098,Strengthened_Lizal_Bow.html,is,Item,in,The_Legend_of_Zelda__Breath_of_the_Wild.html
7099,Strich.html,is,Character,from,The_Legend_of_Zelda__Skyward_Sword.html
7100,Strich.html,is,Character,in,The_Legend_of_Zelda__Skyward_Sword.html
7101,Stritch.html,is,Character,from,The_Legend_of_Zelda__Skyward_Sword.html
7102,Stritch.html,is,Character,in,The_Legend_of_Zelda__Skyward_Sword.html
7103,Strock_Lake.html,is,Location,in,The_Legend_of_Zelda__Breath_of_the_Wild.html
7104,Strong_Cannon.html,are,Object,in,The_Legend_of_Zelda__Phantom_Hourglass.html
7105,Sturgeon.html,is,Character,in,The_Legend_of_Zelda_series.html
7106,Sturgeon.html,is,Character,in,The_Legend_of_Zelda_(Series).html
7107,Sturnida_Basin.html,is,Location,in,The_Legend_of_Zelda__Breath_of_the_Wild.html
7108,Sturnida_Secret_Hot_Spring.html,is,Location,in,The_Legend_of_Zelda__Breath_of_the_Wild.html
7109,Stylin'_Scarecrow.html,is,Character,from,The_Legend_of_Zelda__Majora%27s_Mask.html
7110,Stylish_Woman.html,is,Character,from,The_Legend_of_Zelda__A_Link_Between_Worlds.html
7111,Stylish_Woman.html,is,Character,in,The_Legend_of_Zelda__A_Link_Between_Worlds.html
7112,Submarine.html,are,Location,from,The_Legend_of_Zelda__The_Wind_Waker.html
7113,Subrosia_Cemetery.html,are,Location,in,The_Legend_of_Zelda_(Series).html
7114,Subrosia_Market.html,is,Shop,in,The_Legend_of_Zelda__Oracle_of_Seasons.html
7115,Subrosia_Village.html,is,Location,in,The_Legend_of_Zelda__Oracle_of_Seasons.html
7116,Subrosian_Chef.html,is,Character,in,The_Legend_of_Zelda__Oracle_of_Seasons.html
7117,Subrosian_Dance_Hall.html,is,Location,in,The_Legend_of_Zelda__Oracle_of_Seasons.html
7118,Subrosian_Portal.html,are,Object,from,The_Legend_of_Zelda__Oracle_of_Seasons.html
7119,Subrosian_Smelter.html,is,Character,in,The_Legend_of_Zelda__Oracle_of_Seasons.html
7120,Subrosian_Smithy.html,is,Location,in,The_Legend_of_Zelda__Oracle_of_Seasons.html
7121,Subterror.html,is,Boss,of,Moonlit_Grotto.html
7122,Sudrey.html,is,Character,in,The_Legend_of_Zelda__Breath_of_the_Wild.html
7123,Sudrey.html,is,Character,in,The_Legend_of_Zelda__Breath_of_the_Wild.html
7124,Sue-Belle.html,is,Character,in,The_Legend_of_Zelda_series.html
7125,Sue-Belle.html,is,Character,in,The_Legend_of_Zelda_(Series).html
7126,Sue_Belle.html,is,Character,in,The_Legend_of_Zelda_(Series).html
7127,Suma_Sahma.html,is,Character,from,The_Legend_of_Zelda__Breath_of_the_Wild.html
7128,Sumati.html,is,Character,in,The_Legend_of_Zelda__Breath_of_the_Wild.html
7129,Sumati.html,is,Character,in,The_Legend_of_Zelda__Breath_of_the_Wild.html
7130,Summerwing_Butterfly.html,is,Item,from,The_Legend_of_Zelda__Breath_of_the_Wild.html
7131,Sun's_Mask.html,is,Item,in,The_Legend_of_Zelda__Majora%27s_Mask.html
7132,Sun's_Song.html,is,Song,from,The_Legend_of_Zelda__Ocarina_of_Time.html
7133,Sun_Block.html,are,Item,from,The_Legend_of_Zelda__Majora%27s_Mask.html
7134,Sun_Dragon_Scale.html,are,Item,in,The_Legend_of_Zelda_(Series).html
7135,Sun_Key.html,is,Item,from,The_Legend_of_Zelda__Phantom_Hourglass.html
7136,Sun_Mask.html,are,Mask,from,The_Legend_of_Zelda__Majora%27s_Mask.html
7137,Sun_Mask.html,is,Item,in,The_Legend_of_Zelda__Majora%27s_Mask.html
7138,Sun_Switch.html,are,Item,in,The_Legend_of_Zelda_series.html
7139,Sunken_City.html,is,Location,in,The_Legend_of_Zelda__Oracle_of_Seasons.html
7140,Sunken_City_Gate.html,is,Location,in,The_Legend_of_Zelda__Oracle_of_Seasons.html
7141,Sunken_Island.html,is,Location,from,The_Legend_of_Zelda__A_Link_to_the_Past.html
7142,Sunken_Treasure.html,is,Quest,in,The_Legend_of_Zelda__Breath_of_the_Wild.html
7143,Sunshine_Seashore.html,is,Location,from,Freshly-Picked_Tingle%27s_Rosy_Rupeeland.html
7144,Sunshroom.html,is,Item,in,The_Legend_of_Zelda__Breath_of_the_Wild.html
7145,Sunshroom.html,are,Item,in,The_Legend_of_Zelda__Breath_of_the_Wild.html
7146,Sunshroom_Sensing.html,is,Quest,in,The_Legend_of_Zelda__Breath_of_the_Wild.html
7147,Super_Aeralfos.html,are,Enemy,in,The_Legend_of_Zelda_(Series).html
7148,Super_Bomb.html,are,Item,from,The_Legend_of_Zelda__A_Link_to_the_Past.html
7149,Super_Bomb.html,are,Item,in,The_Legend_of_Zelda__A_Link_to_the_Past.html
7150,Super_Chef_Hat.html,is,Item,from,Chef_(Freshly-Picked_Tingle%27s_Rosy_Rupeeland).html
7151,Super_Cucco.html,are,Character,from,The_Legend_of_Zelda__Ocarina_of_Time.html
7152,Super_Cuccos.html,are,Character,from,The_Legend_of_Zelda__Ocarina_of_Time.html
7153,Super_Lamp.html,is,Item,from,The_Legend_of_Zelda__A_Link_Between_Worlds.html
7154,Super_Lamp.html,is,Item,in,The_Legend_of_Zelda_(Series).html
7155,Super_Net.html,is,Item,from,The_Legend_of_Zelda__A_Link_Between_Worlds.html
7156,Super_Net.html,is,Item,in,The_Legend_of_Zelda_(Series).html
7157,Super_Rumor_Mill.html,are,Item,from,The_Legend_of_Zelda__Breath_of_the_Wild.html
7158,Super_Rupees.html,are,Item,in,Hero%27s_Shrine.html
7159,Superb_Soup.html,are,Item,in,The_Legend_of_Zelda__Twilight_Princess.html
7160,Supercharged_Sail.html,is,Item,in,The_Legend_of_Zelda__The_Wind_Waker.html
7161,Suprena.html,is,Character,in,Link__The_Faces_of_Evil.html
7162,Surf_Harp.html,is,Item,in,The_Legend_of_Zelda__Link%27s_Awakening.html
7163,Suzuna.html,is,Character,from,The_Legend_of_Zelda__Breath_of_the_Wild.html
7164,Swallow's_Roost.html,is,Location,in,The_Legend_of_Zelda__Breath_of_the_Wild.html
7165,Swallow_Bow.html,is,Item,from,The_Legend_of_Zelda__Breath_of_the_Wild.html
7166,Swamola.html,are,Enemy,from,The_Legend_of_Zelda_series.html
7167,Swamola.html,are,Enemy,in,The_Legend_of_Zelda_(Series).html
7168,Swamp_Fishing_Hole.html,is,Location,in,The_Legend_of_Zelda_(Series).html
7169,Swamp_Ruins.html,is,Location,for,The_Legend_of_Zelda__A_Link_to_the_Past.html
7170,Swamp_Ruins.html,is,Location,in,Swamp_Palace_(A_Link_to_the_Past).html
7171,Swamp_Shooting_Gallery.html,is,Location,from,The_Legend_of_Zelda__Majora%27s_Mask.html
7172,Swamp_Shooting_Gallery_Guy.html,is,Character,in,The_Legend_of_Zelda__Ocarina_of_Time.html
7173,Swamp_Spider_House.html,is,Location,from,The_Legend_of_Zelda__Majora%27s_Mask.html
7174,Swamp_Spider_House.html,is,Dungeon,in,The_Legend_of_Zelda__Majora%27s_Mask.html
7175,Swamp_Spider_House_Resident.html,is,Character,from,The_Legend_of_Zelda__Majora%27s_Mask.html
7176,Swamp_Tourist_Center.html,is,Location,in,The_Legend_of_Zelda__Majora%27s_Mask.html
7177,Swamp_Tourist_Center.html,is,Location,in,The_Legend_of_Zelda__Majora%27s_Mask.html
7178,Swamp_Tourist_Center_Guide.html,is,Character,in,The_Legend_of_Zelda__Ocarina_of_Time.html
7179,Swamp_of_Evil.html,is,Location,from,The_Legend_of_Zelda__A_Link_to_the_Past.html
7180,Sweeping_Lady.html,is,Character,from,The_Legend_of_Zelda__A_Link_to_the_Past.html
7181,Sweeping_Lady.html,is,Character,in,The_Legend_of_Zelda__A_Link_to_the_Past.html
7182,Sweetie's_Boyfriend.html,is,Character,from,The_Legend_of_Zelda__Four_Swords_Adventures.html
7183,Sweetie.html,is,Character,from,The_Legend_of_Zelda__Four_Swords_Adventures.html
7184,Swift_Carrot.html,is,Item,from,The_Legend_of_Zelda__Breath_of_the_Wild.html
7185,Swift_Phantom.html,are,Enemy,from,Phantom.html
7186,Swift_Phantom.html,are,Enemy,in,The_Legend_of_Zelda__Spirit_Tracks.html
7187,Swift_Sail.html,is,Item,in,The_Legend_of_Zelda__The_Wind_Waker.html
7188,Swift_Violet.html,are,Item,from,The_Legend_of_Zelda__Breath_of_the_Wild.html
7189,Swiftblade.html,is,Character,from,The_Legend_of_Zelda__The_Minish_Cap.html
7190,Swiftblade.html,are,Character,in,The_Legend_of_Zelda__The_Minish_Cap.html
7191,Swiftblade_I.html,are,Character,in,The_Legend_of_Zelda__The_Minish_Cap.html
7192,Swiftblade_the_First.html,is,Character,from,The_Legend_of_Zelda__The_Minish_Cap.html
7193,Swiftblade_the_First.html,are,Character,in,The_Legend_of_Zelda__The_Minish_Cap.html
7194,Swim_Ring.html,are,Object,in,The_Legend_of_Zelda__Phantom_Hourglass.html
7195,Swimmer.html,is,Character,in,The_Legend_of_Zelda__A_Link_Between_Worlds.html
7196,Switch_Hook.html,is,Item,in,The_Legend_of_Zelda__Oracle_of_Ages.html
7197,Sword.html,are,Weapon,in,The_Legend_of_Zelda__Ocarina_of_Time.html#The_Legend_of_Zelda:_Ocarina_of_Time_3D
7198,Sword.html,is,Item,in,The_Legend_of_Zelda_(Series).html
7199,Sword_(Breath_of_the_Wild).html,is,Item,from,The_Legend_of_Zelda.html
7200,Sword_Master_Suit.html,is,Item,from,The_Legend_of_Zelda__Tri_Force_Heroes.html
7201,Sword_Moblin.html,are,Enemy,in,The_Legend_of_Zelda__A_Link_to_the_Past.html
7202,Sword_Monk's_Shrine.html,is,Location,from,The_Legend_of_Zelda__Breath_of_the_Wild.html
7203,Sword_Suit.html,is,Item,from,The_Legend_of_Zelda__Tri_Force_Heroes.html
7204,Sword_of_the_Six_Sages.html,is,Sword,in,The_Legend_of_Zelda__Breath_of_the_Wild.html
7205,Sword_that_Seals_the_Darkness.html,is,Sword,in,#cite_note-legendary-13
7206,Swordsman's_Scroll.html,is,Item,in,The_Legend_of_Zelda_series.html
7207,Swordsman's_Scroll.html,is,Item,in,The_Legend_of_Zelda_(Series).html
7208,Swordsman's_Scroll_1.html,is,Item,in,The_Legend_of_Zelda_(Series).html
7209,Swordsman's_Scrolls.html,is,Item,in,The_Legend_of_Zelda_(Series).html
7210,Swordsman.html,is,Character,from,The_Legend_of_Zelda__Majora%27s_Mask.html
7211,Swordsman.html,is,Character,in,The_Legend_of_Zelda__Majora%27s_Mask.html
7212,Swordsman_Newsletter.html,is,Item,from,The_Legend_of_Zelda__The_Minish_Cap.html
7213,Syger.html,is,Dungeon,of,The_Legend_of_Zelda__Oracle_of_Seasons.html
7214,Symin.html,is,Character,from,The_Legend_of_Zelda__Breath_of_the_Wild.html
7215,Symin.html,is,Character,in,The_Legend_of_Zelda__Breath_of_the_Wild.html
7216,Syrup.html,is,Character,in,The_Legend_of_Zelda.html
7217,Syrup.html,is,Character,in,The_Legend_of_Zelda_(Series).html
7218,Ta'loh_Naeg.html,is,Character,from,The_Legend_of_Zelda__Breath_of_the_Wild.html
7219,Ta'loh_Naeg_Shrine.html,is,Shrine,from,The_Legend_of_Zelda__Breath_of_the_Wild.html
7220,Taafei_Hill.html,is,Location,in,The_Legend_of_Zelda__Breath_of_the_Wild.html
7221,Taafei_Hill.html,is,Location,in,The_Legend_of_Zelda__Breath_of_the_Wild.html
7222,Tabahl_Wasteland.html,is,Location,from,The_Legend_of_Zelda__Link%27s_Awakening.html
7223,Tabahl_Woods.html,is,Location,in,The_Legend_of_Zelda__Breath_of_the_Wild.html
7224,Tabantha_Bridge_Stable.html,is,Location,in,The_Legend_of_Zelda__Breath_of_the_Wild.html
7225,Tabantha_Frontier.html,is,Location,from,The_Legend_of_Zelda__Breath_of_the_Wild.html
7226,Tabantha_Frontier.html,is,Location,in,The_Legend_of_Zelda__Breath_of_the_Wild.html
7227,Tabantha_Great_Bridge.html,is,Location,from,The_Legend_of_Zelda__Breath_of_the_Wild.html
7228,Tabantha_Hills.html,are,Location,in,The_Legend_of_Zelda__Breath_of_the_Wild.html
7229,Tabantha_Tower.html,is,Location,in,The_Legend_of_Zelda__Breath_of_the_Wild.html
7230,Tabantha_Tundra.html,is,Location,in,The_Legend_of_Zelda__Breath_of_the_Wild.html
7231,Tabantha_Tundra.html,is,Location,in,The_Legend_of_Zelda__Breath_of_the_Wild.html
7232,Tabantha_Village_Ruins.html,are,Location,in,The_Legend_of_Zelda__Breath_of_the_Wild.html
7233,Tabantha_Wheat.html,is,Item,from,The_Legend_of_Zelda__Breath_of_the_Wild.html
7234,Tadtone.html,are,Item,in,The_Legend_of_Zelda__Skyward_Sword.html
7235,Tadtones.html,are,Item,from,The_Legend_of_Zelda__Skyward_Sword.html
7236,Tadtones.html,are,Item,in,The_Legend_of_Zelda__Skyward_Sword.html
7237,Tael.html,is,Character,from,The_Legend_of_Zelda__Majora%27s_Mask.html
7238,Tah_Muhl.html,is,Character,from,The_Legend_of_Zelda__Breath_of_the_Wild.html
7239,Tah_Muhl_Shrine.html,is,Shrine,from,The_Legend_of_Zelda__Breath_of_the_Wild.html
7240,Tahno_O'ah.html,is,Character,from,The_Legend_of_Zelda__Breath_of_the_Wild.html
7241,Tail_Cave.html,is,Dungeon,in,The_Legend_of_Zelda__Link%27s_Awakening.html
7242,Tail_Cave.html,is,Dungeon,of,The_Legend_of_Zelda__Link%27s_Awakening.html
7243,Tail_Key.html,is,Item,from,The_Legend_of_Zelda__Link%27s_Awakening.html
7244,Tailpasaran.html,are,Enemy,from,The_Legend_of_Zelda__Ocarina_of_Time.html
7245,Takama_Shiri.html,is,Character,from,The_Legend_of_Zelda__Breath_of_the_Wild.html
7246,Takama_Shiri_Shrine.html,is,Shrine,from,The_Legend_of_Zelda__Breath_of_the_Wild.html
7247,Takama_Shiri_Shrine.html,is,Shrine,in,The_Legend_of_Zelda__Breath_of_the_Wild.html
7248,Take_Back_the_Sea.html,is,Quest,in,The_Legend_of_Zelda__Breath_of_the_Wild.html
7249,Takkuri.html,are,Enemy,from,The_Legend_of_Zelda_series.html
7250,Takkuri.html,are,Enemy,in,The_Legend_of_Zelda_(Series).html
7251,Tal_Tal_Heights.html,is,Location,of,Dungeon.html
7252,Tal_Tal_Heights.html,is,Location,in,The_Legend_of_Zelda__Link%27s_Awakening.html
7253,Tal_Tal_Mountain_Range.html,is,Location,from,The_Legend_of_Zelda__Link%27s_Awakening.html
7254,Tal_Tal_Mountain_Range.html,is,Location,in,The_Legend_of_Zelda__Link%27s_Awakening.html
7255,Tal_Tal_Peak.html,is,Location,in,The_Legend_of_Zelda__Breath_of_the_Wild.html
7256,Tali.html,is,Character,from,The_Legend_of_Zelda__Breath_of_the_Wild.html
7257,Tali.html,is,Character,in,The_Legend_of_Zelda__Breath_of_the_Wild.html
7258,Tall_Chimney.html,are,Object,in,The_Legend_of_Zelda__Phantom_Hourglass.html
7259,Talo.html,is,Character,in,The_Legend_of_Zelda__Twilight_Princess.html
7260,Talon.html,is,Character,in,The_Legend_of_Zelda_series.html
7261,Talon.html,is,Character,in,The_Legend_of_Zelda_(Series).html
7262,Talonto_Peak.html,is,Location,in,The_Legend_of_Zelda__Breath_of_the_Wild.html
7263,Talus.html,are,Enemy,from,The_Legend_of_Zelda__Breath_of_the_Wild.html
7264,Talus_Cave.html,is,Location,from,The_Legend_of_Zelda__Four_Swords.html
7265,Talus_Cave.html,is,Stage,from,The_Legend_of_Zelda__Four_Swords.html
7266,Talus_Plateau.html,is,Location,from,The_Legend_of_Zelda__Breath_of_the_Wild.html
7267,Tama_Pond.html,is,Location,in,The_Legend_of_Zelda__Breath_of_the_Wild.html
7268,Tamana.html,is,Character,from,The_Legend_of_Zelda__Breath_of_the_Wild.html
7269,Tamio_River.html,is,Location,from,The_Legend_of_Zelda__Breath_of_the_Wild.html
7270,Tanagar_Canyon.html,is,Location,from,The_Legend_of_Zelda__Breath_of_the_Wild.html
7271,Tanagar_Canyon_Course.html,is,Location,in,The_Legend_of_Zelda__Breath_of_the_Wild.html
7272,Tanko.html,is,Character,in,The_Legend_of_Zelda__Breath_of_the_Wild.html
7273,Tanko.html,is,Character,in,The_Legend_of_Zelda__Breath_of_the_Wild.html
7274,Tantari_Desert.html,is,Location,from,Zelda_II__The_Adventure_of_Link.html
7275,Taobab_Grassland.html,is,Location,in,The_Legend_of_Zelda__Breath_of_the_Wild.html
7276,Taobab_Grassland.html,is,Location,in,The_Legend_of_Zelda__Breath_of_the_Wild.html
7277,Taran_Pass.html,is,Location,from,The_Legend_of_Zelda__Breath_of_the_Wild.html
7278,Tarin.html,is,Character,from,The_Legend_of_Zelda__Link%27s_Awakening.html
7279,Tarin.html,is,Character,in,The_Legend_of_Zelda__Link%27s_Awakening.html
7280,Tarm_Point.html,is,Location,in,The_Legend_of_Zelda__Breath_of_the_Wild.html
7281,Tarm_Ruins.html,is,Location,of,Ancient_Ruins_(Oracle_of_Seasons).html
7282,Taros.html,are,Enemy,in,The_Legend_of_Zelda__A_Link_Between_Worlds.html
7283,Tarrey_Town.html,is,Location,in,The_Legend_of_Zelda__Breath_of_the_Wild.html
7284,Tarrey_Town.html,is,Location,in,The_Legend_of_Zelda__Breath_of_the_Wild.html
7285,Tarry_Town.html,is,Location,in,The_Legend_of_Zelda__Breath_of_the_Wild.html
7286,Tasho.html,is,Character,in,The_Legend_of_Zelda__Breath_of_the_Wild.html
7287,Tasseren.html,is,Character,from,The_Legend_of_Zelda__Breath_of_the_Wild.html
7288,Tasseren.html,is,Character,in,The_Legend_of_Zelda__Breath_of_the_Wild.html
7289,Tatl.html,is,Character,from,The_Legend_of_Zelda__Ocarina_of_Time.html
7290,Tauma.html,is,Character,in,The_Legend_of_Zelda__Breath_of_the_Wild.html
7291,Taurus.html,are,Enemy,in,The_Legend_of_Zelda_series.html
7292,Taurus.html,are,Enemy,in,The_Legend_of_Zelda__A_Link_Between_Worlds.html
7293,Tawa_Jinn.html,is,Character,from,The_Legend_of_Zelda__Breath_of_the_Wild.html
7294,Tawa_Jinn_Shrine.html,is,Shrine,from,The_Legend_of_Zelda__Breath_of_the_Wild.html
7295,Teacher.html,is,Character,from,The_Legend_of_Zelda__Spirit_Tracks.html
7296,Teake.html,is,Character,in,The_Legend_of_Zelda__Breath_of_the_Wild.html
7297,Teake.html,is,Character,in,The_Legend_of_Zelda__Breath_of_the_Wild.html
7298,Tear_of_Light.html,are,Item,in,The_Legend_of_Zelda_(Series).html
7299,Tears_of_Light.html,are,Item,in,The_Legend_of_Zelda_(Series).html
7300,Tears_of_Light_(Spirit_Tracks).html,are,Item,from,The_Legend_of_Zelda__Spirit_Tracks.html
7301,Tears_of_the_Goddesses.html,are,Item,from,The_Legend_of_Zelda__Skyward_Sword.html
7302,Teba.html,is,Character,from,The_Legend_of_Zelda__Breath_of_the_Wild.html
7303,Teba.html,is,Character,in,The_Legend_of_Zelda__Breath_of_the_Wild.html
7304,Technoblin.html,are,Enemy,from,The_Legend_of_Zelda__Skyward_Sword.html
7305,Technoblin.html,are,Enemy,in,The_Legend_of_Zelda__Skyward_Sword.html
7306,Teddy_Todo.html,is,Character,from,Freshly-Picked_Tingle%27s_Rosy_Rupeeland.html
7307,Teebo.html,is,Character,from,The_Legend_of_Zelda__Breath_of_the_Wild.html
7308,Teebo.html,is,Character,in,The_Legend_of_Zelda__Breath_of_the_Wild.html
7309,Tektite.html,are,Enemy,in,The_Legend_of_Zelda_series.html
7310,Telescope.html,is,Item,in,The_Legend_of_Zelda__The_Wind_Waker.html
7311,Teli.html,is,Character,from,The_Legend_of_Zelda__Breath_of_the_Wild.html
7312,Teli.html,is,Character,in,The_Legend_of_Zelda__Breath_of_the_Wild.html
7313,Teller_of_Treasures.html,is,Character,in,The_Legend_of_Zelda__Phantom_Hourglass.html
7314,Telma's_Bar.html,is,Location,in,The_Legend_of_Zelda__Twilight_Princess.html
7315,Telma.html,is,Character,in,The_Legend_of_Zelda__Twilight_Princess.html
7316,Telta_Lake.html,is,Location,from,The_Legend_of_Zelda__Breath_of_the_Wild.html
7317,Tempered_Sword.html,is,Sword,from,The_Legend_of_Zelda__A_Link_to_the_Past.html
7318,Tempered_Sword.html,is,Item,in,The_Legend_of_Zelda__A_Link_Between_Worlds.html
7319,Tempest_Gulch.html,is,Location,in,The_Legend_of_Zelda__Breath_of_the_Wild.html
7320,Temple_Remains.html,are,Location,in,The_Legend_of_Zelda__Oracle_of_Seasons.html
7321,Temple_of_Courage.html,is,Dungeon,in,The_Legend_of_Zelda__Phantom_Hourglass.html
7322,Temple_of_Darkness.html,is,Dungeon,in,The_Legend_of_Zelda__Four_Swords_Adventures.html
7323,Temple_of_Droplets.html,is,Dungeon,in,The_Legend_of_Zelda__The_Minish_Cap.html
7324,Temple_of_Droplets.html,is,Dungeon,in,The_Legend_of_Zelda__The_Minish_Cap.html
7325,Temple_of_Droplets.html,is,Dungeon,in,Minish.html
7326,Temple_of_Hylia.html,is,Location,from,The_Legend_of_Zelda__Skyward_Sword.html
7327,Temple_of_Hylia.html,is,Location,in,Princess_Zelda.html#Skyward_Sword
7328,Temple_of_Light.html,is,Location,from,The_Legend_of_Zelda__Ocarina_of_Time.html
7329,Temple_of_Souls.html,is,Location,in,Hyrule_Warriors.html
7330,Temple_of_Souls.html,is,Stage,in,Hyrule_Warriors.html
7331,Temple_of_Time.html,is,Location,in,The_Legend_of_Zelda_series.html
7332,Temple_of_Time.html,is,Location,in,The_Legend_of_Zelda_(Series).html
7333,Temple_of_Wind.html,is,Dungeon,in,The_Legend_of_Zelda__Phantom_Hourglass.html
7334,Temple_of_the_Sacred_Sword.html,is,Location,from,Hyrule_Warriors_Legends.html
7335,Temple_of_the_Sacred_Sword.html,is,Stage,in,Hyrule_Warriors.html
7336,Temto_Hill.html,is,Location,from,The_Legend_of_Zelda__Breath_of_the_Wild.html
7337,Tena_Ko'sah.html,is,Character,from,The_Legend_of_Zelda__Breath_of_the_Wild.html
7338,Tena_Ko'sah_Shrine.html,is,Shrine,from,The_Legend_of_Zelda__Breath_of_the_Wild.html
7339,Tenne.html,is,Character,in,The_Legend_of_Zelda__Breath_of_the_Wild.html
7340,Tenoko_Island.html,is,Location,in,The_Legend_of_Zelda__Breath_of_the_Wild.html
7341,Tenoko_Island.html,is,Location,in,The_Legend_of_Zelda__Breath_of_the_Wild.html
7342,Tentalus.html,is,Boss,of,Sandship.html
7343,Tentalus.html,is,Boss,of,Sandship.html
7344,Tera.html,is,Character,in,The_Legend_of_Zelda__Breath_of_the_Wild.html
7345,Tera.html,is,Character,in,The_Legend_of_Zelda__Breath_of_the_Wild.html
7346,Termina_Field.html,is,Location,from,The_Legend_of_Zelda__Ocarina_of_Time.html
7347,Termina_Field.html,is,Location,in,The_Legend_of_Zelda__Majora%27s_Mask.html
7348,Termina__Great_Bay.html,is,Stage,in,Super_Smash_Bros-2.html
7349,Terminal.html,are,Object,in,The_Legend_of_Zelda__Breath_of_the_Wild.html
7350,Ternio_Trail.html,is,Location,in,The_Legend_of_Zelda__Breath_of_the_Wild.html
7351,Ternio_Trail.html,is,Location,in,The_Legend_of_Zelda__Breath_of_the_Wild.html
7352,Terrorpin.html,are,Enemy,in,The_Legend_of_Zelda_series.html
7353,Terrorpin.html,are,Enemy,in,The_Legend_of_Zelda_(Series).html
7354,Terrorpins.html,are,Enemy,in,The_Legend_of_Zelda_(Series).html
7355,Test_of_Will.html,is,Quest,in,The_Legend_of_Zelda__Breath_of_the_Wild.html
7356,Test_of_Will.html,is,Quest,in,The_Legend_of_Zelda__Breath_of_the_Wild.html
7357,Tetra%2FHyrule_Warriors.html,is,Character,from,../Hyrule.html
7358,Tetra's_Pirates.html,is,Group,in,The_Legend_of_Zelda_series.html
7359,Tetra.html,is,Character,in,The_Legend_of_Zelda_(Series).html
7360,Thadd.html,is,Character,in,The_Legend_of_Zelda__Breath_of_the_Wild.html
7361,Thadd.html,is,Character,in,The_Legend_of_Zelda__Breath_of_the_Wild.html
7362,The_Ancient_Rito_Song.html,is,Quest,in,The_Legend_of_Zelda__Breath_of_the_Wild.html
7363,The_Apple_of_My_Eye.html,is,Quest,in,The_Legend_of_Zelda__Breath_of_the_Wild.html
7364,The_Bird_in_the_Mountains.html,is,Quest,in,The_Legend_of_Zelda__Breath_of_the_Wild.html
7365,The_Carpenters.html,are,Character,in,The_Legend_of_Zelda_(Series).html
7366,The_Ceremonial_Song.html,is,Quest,in,The_Legend_of_Zelda__Breath_of_the_Wild.html
7367,The_Coast.html,is,Location,from,The_Legend_of_Zelda__Four_Swords_Adventures.html
7368,The_Coast.html,is,Stage,in,The_Legend_of_Zelda__Four_Swords_Adventures.html
7369,The_Crowned_Beast.html,is,Quest,in,The_Legend_of_Zelda__Breath_of_the_Wild.html
7370,The_Curious_Quiver.html,is,Shop,from,The_Legend_of_Zelda__Breath_of_the_Wild.html
7371,The_Cursed_Statue.html,is,Quest,in,The_Legend_of_Zelda__Breath_of_the_Wild.html
7372,The_Dark_Cloud.html,is,Stage,of,Realm_of_the_Heavens_(level).html
7373,The_Dark_Cloud.html,is,Stage,in,The_Legend_of_Zelda__Four_Swords_Adventures.html
7374,The_Dark_Imprisoned.html,is,Boss,in,The_Legend_of_Zelda__Skyward_Sword.html
7375,The_Desert_of_Doubt.html,is,Location,from,The_Legend_of_Zelda__Four_Swords_Adventures.html
7376,The_Diary_of_Revali.html,is,Item,from,The_Legend_of_Zelda__Breath_of_the_Wild.html
7377,The_Door_That_Does_Not_Open.html,is,Object,from,Zelda_II__The_Adventure_of_Link.html
7378,The_Dunes.html,are,Location,in,The_Legend_of_Zelda__Tri_Force_Heroes.html
7379,The_Eighth_Heroine.html,is,Quest,in,The_Legend_of_Zelda__Breath_of_the_Wild.html
7380,The_Eighth_Heroine.html,is,Quest,in,The_Legend_of_Zelda__Breath_of_the_Wild.html
7381,The_Eye_of_the_Sandstorm.html,is,Quest,in,The_Legend_of_Zelda__Breath_of_the_Wild.html
7382,The_Eye_of_the_Sandstorm.html,is,Quest,in,The_Legend_of_Zelda__Breath_of_the_Wild.html
7383,The_Field.html,is,Stage,of,Near_the_Fields.html
7384,The_Field.html,is,Stage,in,Near_the_Fields.html
7385,The_Forgotten_Sword.html,is,Quest,in,The_Legend_of_Zelda__Breath_of_the_Wild.html
7386,The_Forgotten_Sword.html,is,Quest,in,The_Legend_of_Zelda__Breath_of_the_Wild.html
7387,The_Giant_of_Ralis_Pond.html,is,Quest,in,The_Legend_of_Zelda__Breath_of_the_Wild.html
7388,The_Great_Ton_Pu_Inn.html,is,Location,in,The_Legend_of_Zelda__Breath_of_the_Wild.html
7389,The_Great_Tripini.html,is,Character,in,The_Legend_of_Zelda__Tri_Force_Heroes.html
7390,The_Gut_Check_Challenge.html,is,Quest,from,The_Legend_of_Zelda__Breath_of_the_Wild.html
7391,The_Hero's_Cache.html,is,Quest,from,The_Legend_of_Zelda__Breath_of_the_Wild.html
7392,The_Hero's_Sword.html,is,Quest,from,The_Legend_of_Zelda__Breath_of_the_Wild.html
7393,The_Horseback_Hoodlums.html,is,Quest,in,The_Legend_of_Zelda__Breath_of_the_Wild.html
7394,The_Ice_Temple.html,is,Location,from,The_Legend_of_Zelda__Four_Swords_Adventures.html
7395,The_Imprisoned.html,is,Character,from,The_Legend_of_Zelda__Skyward_Sword.html
7396,The_Imprisoned.html,is,Boss,in,The_Legend_of_Zelda__Skyward_Sword.html
7397,The_Indigo-Go's.html,are,Group,from,Zora_Hall.html
7398,The_Isolated_Plateau.html,is,Quest,from,Old_Man.html#The_Legend_of_Zelda:_Breath_of_the_Wild
7399,The_Isolated_Plateau.html,is,Quest,in,The_Legend_of_Zelda__Breath_of_the_Wild.html
7400,The_Jewel_Trade.html,is,Quest,in,The_Legend_of_Zelda__Breath_of_the_Wild.html
7401,The_Jewel_Trade.html,is,Quest,in,The_Legend_of_Zelda__Breath_of_the_Wild.html
7402,The_King_of_Red_Lions.html,is,Character,in,The_Legend_of_Zelda_(Game).html
7403,The_Korok_Trials.html,is,Quest,from,The_Legend_of_Zelda__Breath_of_the_Wild.html
7404,The_Lady_(boss).html,is,Boss,of,The_Legend_of_Zelda__Tri_Force_Heroes.html
7405,The_Legend_of_Zelda_Theme.html,is,Song,for,The_Legend_of_Zelda.html
7406,The_Legend_of_Zelda__Link's_Awakening.html,is,Sequel,to,The_Legend_of_Zelda__A_Link_to_the_Past.html
7407,The_Legend_of_Zelda__Link's_Awakening_DX.html,is,Sequel,to,The_Legend_of_Zelda__A_Link_to_the_Past.html
7408,The_Lost_Pilgrimage.html,is,Quest,in,The_Legend_of_Zelda__Breath_of_the_Wild.html
7409,The_Mountain_Path.html,is,Location,from,The_Legend_of_Zelda__Four_Swords_Adventures.html
7410,The_Mountain_Path.html,is,Stage,of,Death_Mountain_Foothills.html
7411,The_Mourning_Mermaid.html,is,Item,from,The_Legend_of_Zelda__Link%27s_Awakening.html
7412,The_Mystery_Polluter.html,is,Quest,in,The_Legend_of_Zelda__Breath_of_the_Wild.html
7413,The_Mystery_Polluter.html,is,Quest,in,The_Legend_of_Zelda__Breath_of_the_Wild.html
7414,The_Noble_Canteen.html,is,Location,from,The_Legend_of_Zelda__Breath_of_the_Wild.html
7415,The_Old_Man's_Diary.html,is,Item,from,The_Legend_of_Zelda__Breath_of_the_Wild.html
7416,The_Perfect_Drink.html,is,Quest,in,The_Legend_of_Zelda__Breath_of_the_Wild.html
7417,The_Perfect_Drink.html,is,Quest,in,The_Legend_of_Zelda__Breath_of_the_Wild.html
7418,The_Priceless_Maracas.html,is,Quest,in,The_Legend_of_Zelda__Breath_of_the_Wild.html
7419,The_Road_to_Respect.html,is,Quest,in,The_Legend_of_Zelda__Breath_of_the_Wild.html
7420,The_Road_to_Respect.html,is,Quest,in,The_Legend_of_Zelda__Breath_of_the_Wild.html
7421,The_Royal_Guard's_Gear.html,is,Quest,in,The_Legend_of_Zelda__Breath_of_the_Wild.html
7422,The_Royal_White_Stallion.html,is,Quest,from,The_Legend_of_Zelda__Breath_of_the_Wild.html
7423,The_Ruins.html,are,Location,in,The_Legend_of_Zelda__Tri_Force_Heroes.html
7424,The_Search_for_Barta.html,is,Quest,in,The_Legend_of_Zelda__Breath_of_the_Wild.html
7425,The_Search_for_Barta.html,is,Quest,in,The_Legend_of_Zelda__Breath_of_the_Wild.html
7426,The_Secret_Club's_Secret.html,is,Quest,in,The_Legend_of_Zelda__Breath_of_the_Wild.html
7427,The_Secret_Club's_Secret.html,is,Quest,in,The_Legend_of_Zelda__Breath_of_the_Wild.html
7428,The_Serpent's_Jaws.html,is,Quest,in,The_Legend_of_Zelda__Breath_of_the_Wild.html
7429,The_Seven_Heroines.html,is,Quest,in,The_Legend_of_Zelda__Breath_of_the_Wild.html
7430,The_Seven_Heroines.html,is,Quest,in,The_Legend_of_Zelda__Breath_of_the_Wild.html
7431,The_Sheep_Rustlers.html,is,Quest,in,The_Legend_of_Zelda__Breath_of_the_Wild.html
7432,The_Silent_Swordswomen.html,is,Quest,in,The_Legend_of_Zelda__Breath_of_the_Wild.html
7433,The_Silent_Swordswomen.html,is,Quest,in,The_Legend_of_Zelda__Breath_of_the_Wild.html
7434,The_Skull's_Eye.html,is,Quest,in,The_Legend_of_Zelda__Breath_of_the_Wild.html
7435,The_Sky.html,is,Location,from,Hyrule.html#The_Legend_of_Zelda:_Skyward_Sword
7436,The_Spark_of_Romance.html,is,Quest,in,The_Legend_of_Zelda__Breath_of_the_Wild.html
7437,The_Spring_of_Power.html,is,Quest,in,The_Legend_of_Zelda__Breath_of_the_Wild.html
7438,The_Spring_of_Wisdom.html,is,Quest,in,The_Legend_of_Zelda__Breath_of_the_Wild.html
7439,The_Statue's_Bargain.html,is,Quest,in,The_Legend_of_Zelda__Breath_of_the_Wild.html
7440,The_Stolen_Heirloom.html,is,Quest,in,The_Legend_of_Zelda__Breath_of_the_Wild.html
7441,The_Swamp.html,is,Location,from,The_Legend_of_Zelda__Four_Swords_Adventures.html
7442,The_Test_of_Wood.html,is,Quest,in,The_Legend_of_Zelda__Breath_of_the_Wild.html
7443,The_Three_Giant_Brothers.html,is,Quest,in,The_Legend_of_Zelda__Breath_of_the_Wild.html
7444,The_Thunder_Helm.html,is,Quest,in,The_Legend_of_Zelda__Breath_of_the_Wild.html
7445,The_Thunder_Helm.html,is,Quest,in,The_Legend_of_Zelda__Breath_of_the_Wild.html
7446,The_Travels_of_Link.html,is,Item,from,The_Legend_of_Zelda__Link%27s_Awakening.html
7447,The_Two_Rings.html,is,Quest,in,The_Legend_of_Zelda__Breath_of_the_Wild.html
7448,The_Undefeated_Champ.html,is,Quest,in,The_Legend_of_Zelda__Breath_of_the_Wild.html
7449,The_Undefeated_Champ.html,is,Quest,in,The_Legend_of_Zelda__Breath_of_the_Wild.html
7450,The_Weapon_Connoisseur.html,is,Quest,in,The_Legend_of_Zelda__Breath_of_the_Wild.html
7451,Thief_Girl.html,is,Character,from,The_Legend_of_Zelda__A_Link_Between_Worlds.html
7452,Thief_Girl.html,is,Character,in,The_Legend_of_Zelda__A_Link_Between_Worlds.html
7453,Thieves'_Hideout.html,is,Dungeon,in,Lorule.html
7454,Thieves'_Hideout_(A_Link_Between_Worlds).html,is,Dungeon,in,Link.html
7455,Thieves'_Town_(A_Link_Between_Worlds).html,is,Location,from,The_Legend_of_Zelda__A_Link_Between_Worlds.html
7456,Thieves'_Town_(A_Link_Between_Worlds).html,is,Location,in,Kakariko_Village.html#A_Link_Between_Worlds
7457,Thieves'_Town_(A_Link_to_the_Past).html,is,Dungeon,in,Dark_World_(A_Link_to_the_Past).html
7458,Thieves'_Town_(A_Link_to_the_Past).html,is,Dungeon,in,The_Legend_of_Zelda__A_Link_to_the_Past.html
7459,Thieves'_Town_Item_Seller.html,is,Character,in,Thieves%27_Town_(A_Link_Between_Worlds).html
7460,Thims_Bridge.html,is,Location,in,The_Legend_of_Zelda__Breath_of_the_Wild.html
7461,Thims_Bridge.html,is,Location,in,The_Legend_of_Zelda__Breath_of_the_Wild.html
7462,Tho_Kayu.html,is,Character,from,The_Legend_of_Zelda__Breath_of_the_Wild.html
7463,Tho_Kayu_Shrine.html,is,Shrine,from,The_Legend_of_Zelda__Breath_of_the_Wild.html
7464,Three-Eye_Reef.html,is,Location,from,The_Legend_of_Zelda__The_Wind_Waker.html
7465,Three-Eye_Rock_Palace.html,is,Dungeon,in,Link.html
7466,Three_Dragons.html,are,Group,from,Faron_Woods.html#The_Legend_of_Zelda:_Skyward_Sword
7467,Three_Eye_Rock.html,is,Location,from,Zelda_II__The_Adventure_of_Link.html
7468,Three_Spirits.html,are,Group,from,The_Legend_of_Zelda__Phantom_Hourglass.html
7469,Three_Witches.html,are,Boss,in,Zelda__The_Wand_of_Gamelon.html
7470,Throne_Room.html,is,Location,in,The_Legend_of_Zelda_series.html
7471,Throne_Room.html,is,Location,in,Link.html
7472,Throwing_Spear.html,is,Item,in,The_Legend_of_Zelda__Breath_of_the_Wild.html
7473,Throwing_Spear.html,are,Weapon,in,The_Legend_of_Zelda__Breath_of_the_Wild.html
7474,Thunder_Drum.html,are,Item,from,The_Legend_of_Zelda__Link%27s_Awakening.html
7475,Thunder_Drum.html,is,Item,in,The_Legend_of_Zelda__Link%27s_Awakening.html
7476,Thunder_Helm.html,is,Item,from,The_Legend_of_Zelda__Breath_of_the_Wild.html
7477,Thunder_Helm.html,is,Item,in,The_Legend_of_Zelda__Breath_of_the_Wild.html
7478,Thunder_Keese.html,are,Enemy,of,Keese.html
7479,Thunder_Keese.html,are,Enemy,in,The_Legend_of_Zelda_(Series).html
7480,Thunder_Magnet.html,is,Quest,in,The_Legend_of_Zelda__Breath_of_the_Wild.html
7481,Thunder_Rod.html,is,Item,from,The_Legend_of_Zelda__Breath_of_the_Wild.html
7482,Thunderblade.html,is,Item,from,The_Legend_of_Zelda__Breath_of_the_Wild.html
7483,Thunderblight_Ganon.html,is,Boss,in,The_Legend_of_Zelda__Breath_of_the_Wild.html
7484,Thunderblight_Ganon.html,is,Boss,in,The_Legend_of_Zelda__Breath_of_the_Wild.html
7485,Thunderhead.html,is,Location,from,The_Legend_of_Zelda__Skyward_Sword.html
7486,Thunderhead.html,is,Location,in,The_Sky.html
7487,Thunderspear.html,is,Item,from,The_Legend_of_Zelda__Breath_of_the_Wild.html
7488,Thunderstorm_Rod.html,is,Item,from,The_Legend_of_Zelda__Breath_of_the_Wild.html
7489,Thunderwing_Butterfly.html,is,Item,from,The_Legend_of_Zelda__Breath_of_the_Wild.html
7490,Thundra_Plateau.html,is,Location,from,The_Legend_of_Zelda__Breath_of_the_Wild.html
7491,Thwimp.html,are,Enemy,in,The_Legend_of_Zelda_series.html
7492,Thwimp.html,are,Enemy,in,The_Legend_of_Zelda__Oracle_of_Seasons.html
7493,Thwomp.html,are,Enemy,in,The_Legend_of_Zelda_series.html
7494,Thwomp.html,are,Enemy,in,The_Legend_of_Zelda__Oracle_of_Seasons.html
7495,Thyphlo_Ruins.html,are,Location,from,The_Legend_of_Zelda__Breath_of_the_Wild.html
7496,Thyphlo_Ruins.html,is,Location,in,The_Legend_of_Zelda__Breath_of_the_Wild.html
7497,Tiger_Scroll.html,are,Item,from,The_Legend_of_Zelda__The_Minish_Cap.html
7498,Tiger_Scroll.html,are,Item,in,The_Legend_of_Zelda__The_Minish_Cap.html
7499,Tiger_Scrolls.html,are,Item,from,The_Legend_of_Zelda__The_Minish_Cap.html
7500,Tiger_Scrolls.html,are,Item,in,The_Legend_of_Zelda__The_Minish_Cap.html
7501,Tightrope.html,are,Object,in,The_Legend_of_Zelda_series.html
7502,Tijo.html,is,Character,from,The_Legend_of_Zelda__A_Link_to_the_Past.html
7503,Tijo.html,is,Character,in,The_Legend_of_Zelda__Majora%27s_Mask.html
7504,Timeless_Tunic.html,is,Item,from,The_Legend_of_Zelda__Tri_Force_Heroes.html
7505,Timeshift_Orb.html,are,Object,from,The_Legend_of_Zelda__Skyward_Sword.html
7506,Timeshift_Orb.html,are,Object,in,The_Legend_of_Zelda__Skyward_Sword.html
7507,Timeshift_Stone.html,are,Object,from,The_Legend_of_Zelda__Skyward_Sword.html
7508,Timeshift_Stone.html,are,Object,in,The_Legend_of_Zelda__Skyward_Sword.html
7509,Timeshift_Stones.html,are,Object,in,The_Legend_of_Zelda__Skyward_Sword.html
7510,Tina_&_Dina.html,are,Character,from,The_Legend_of_Zelda__The_Minish_Cap.html
7511,Ting_Tong_Song.html,is,Song,from,The_Legend_of_Zelda__The_Minish_Cap.html
7512,Tingle%2FHyrule_Warriors.html,is,Character,in,../Hyrule_Warriors_Legends.html
7513,Tingle's_Father.html,is,Character,in,The_Legend_of_Zelda__Ocarina_of_Time.html
7514,Tingle's_Hood.html,is,Item,from,The_Legend_of_Zelda_series.html
7515,Tingle's_House.html,is,Location,from,Freshly-Picked_Tingle%27s_Rosy_Rupeeland.html
7516,Tingle's_Shirt.html,is,Item,from,The_Legend_of_Zelda_series.html
7517,Tingle's_Tights.html,are,Item,from,The_Legend_of_Zelda_series.html
7518,Tingle's_Tower.html,is,Location,from,The_Legend_of_Zelda__Four_Swords_Adventures.html
7519,Tingle's_Uncle.html,is,Character,from,Freshly-Picked_Tingle%27s_Rosy_Rupeeland.html
7520,Tingle's_Uncle.html,is,Character,in,Freshly-Picked_Tingle%27s_Rosy_Rupeeland.html
7521,Tingle.html,is,Character,in,The_Legend_of_Zelda_series.html
7522,Tingle.html,is,Character,in,The_Legend_of_Zelda_(Series).html
7523,Tingle_Balloon.html,is,Item,from,The_Legend_of_Zelda__The_Wind_Waker.html
7524,Tingle_Bomb.html,are,Item,from,The_Legend_of_Zelda__The_Wind_Waker.html
7525,Tingle_Bomb.html,are,Item,in,The_Legend_of_Zelda_(Series).html
7526,Tingle_Brothers.html,are,Character,in,The_Legend_of_Zelda__Four_Swords_Adventures.html
7527,Tingle_Brothers_and_Sister.html,are,Character,in,The_Legend_of_Zelda__Four_Swords_Adventures.html
7528,Tingle_Island.html,is,Location,from,The_Legend_of_Zelda__The_Wind_Waker.html
7529,Tingle_Shield.html,is,Item,from,The_Legend_of_Zelda__The_Wind_Waker.html
7530,Tingle_Tower.html,is,Location,from,The_Legend_of_Zelda__The_Wind_Waker.html
7531,Tingle_Trophy.html,is,Item,from,The_Legend_of_Zelda__The_Minish_Cap.html
7532,Tingle_Tuner.html,is,Item,in,The_Legend_of_Zelda_series.html
7533,Tingle_Watch.html,is,Item,from,The_Legend_of_Zelda__The_Wind_Waker.html
7534,Tingly.html,is,Item,from,Missy_(Freshly-Picked_Tingle%27s_Rosy_Rupeeland).html
7535,Tinsuit.html,are,Enemy,from,Zelda_II__The_Adventure_of_Link.html
7536,Tiny_Link.html,is,Character,from,The_Legend_of_Zelda_series.html
7537,Tip_of_the_Nose.html,is,Location,from,Aquamentus_(The_Legend_of_Zelda).html
7538,Tireless_Frog.html,is,Item,from,The_Legend_of_Zelda__Breath_of_the_Wild.html
7539,Titan's_Mitt.html,is,Item,in,The_Legend_of_Zelda_(Series).html
7540,Title_Deeds.html,are,Item,from,The_Legend_of_Zelda__Majora%27s_Mask.html
7541,Toadpoli.html,are,Enemy,in,The_Legend_of_Zelda__Twilight_Princess.html
7542,Toadpolis.html,are,Enemy,in,The_Legend_of_Zelda__Twilight_Princess.html
7543,Toasted_Big_Hearty_Truffle.html,is,Item,from,The_Legend_of_Zelda__Breath_of_the_Wild.html
7544,Toasted_Hearty_Truffle.html,is,Item,from,The_Legend_of_Zelda__Breath_of_the_Wild.html
7545,Toasty_Chillshroom.html,is,Item,from,The_Legend_of_Zelda__Breath_of_the_Wild.html
7546,Toasty_Endura_Shroom.html,is,Item,from,The_Legend_of_Zelda__Breath_of_the_Wild.html
7547,Toasty_Hylian_Shroom.html,is,Item,in,The_Legend_of_Zelda__Breath_of_the_Wild.html
7548,Toasty_Ironshroom.html,is,Item,from,The_Legend_of_Zelda__Breath_of_the_Wild.html
7549,Toasty_Razorshroom.html,is,Item,from,The_Legend_of_Zelda__Breath_of_the_Wild.html
7550,Toasty_Rushroom.html,is,Item,from,The_Legend_of_Zelda__Breath_of_the_Wild.html
7551,Toasty_Silent_Shroom.html,is,Item,from,The_Legend_of_Zelda__Breath_of_the_Wild.html
7552,Toasty_Stamella_Shroom.html,is,Item,in,The_Legend_of_Zelda__Breath_of_the_Wild.html
7553,Toasty_Sunshroom.html,is,Item,from,The_Legend_of_Zelda__Breath_of_the_Wild.html
7554,Toasty_Zapshroom.html,is,Item,from,The_Legend_of_Zelda__Breath_of_the_Wild.html
7555,Tobio's_Hollow.html,is,Location,in,The_Legend_of_Zelda__Breath_of_the_Wild.html
7556,Toffa.html,is,Character,in,The_Legend_of_Zelda__Breath_of_the_Wild.html
7557,Toffa.html,is,Character,in,The_Legend_of_Zelda__Breath_of_the_Wild.html
7558,Toh_Yahsa.html,is,Character,from,The_Legend_of_Zelda__Breath_of_the_Wild.html
7559,Toh_Yahsa_Shrine.html,is,Shrine,from,The_Legend_of_Zelda__Breath_of_the_Wild.html
7560,Toh_Yahsa_Shrine.html,is,Shrine,in,The_Legend_of_Zelda__Breath_of_the_Wild.html
7561,Tokay_Eyeball.html,is,Item,in,The_Legend_of_Zelda__Oracle_of_Ages.html
7562,Tokk.html,is,Character,in,The_Legend_of_Zelda__Breath_of_the_Wild.html
7563,Toma.html,is,Character,in,The_Legend_of_Zelda__Breath_of_the_Wild.html
7564,Toma.html,is,Character,in,The_Legend_of_Zelda__Breath_of_the_Wild.html
7565,Tomahawk.html,is,Item,from,Game_%26_Watch__Zelda.html
7566,Tomahawk.html,is,Item,from,Zelda_(Game_%26_Watch).html
7567,Tona.html,is,Character,in,The_Legend_of_Zelda__Breath_of_the_Wild.html
7568,Tools_of_the_Trade.html,is,Quest,from,The_Legend_of_Zelda__Breath_of_the_Wild.html
7569,Tools_of_the_Trade.html,is,Quest,in,The_Legend_of_Zelda__Breath_of_the_Wild.html
7570,Toon_Link%2FSuper_Smash_Bros.html,is,Character,for,../Super_Smash_Bros._for_Nintendo_3DS_/_Wii_U.html
7571,Toon_Link.html,is,Character,in,Super_Smash_Bros.html
7572,Top_Secret_Room.html,is,Location,from,The_Legend_of_Zelda__A_Link_to_the_Past.html
7573,Topaz.html,is,Item,in,The_Legend_of_Zelda__Breath_of_the_Wild.html
7574,Topaz_Earrings.html,are,Item,from,The_Legend_of_Zelda__Breath_of_the_Wild.html
7575,Topaz_Earrings.html,are,Item,in,The_Legend_of_Zelda__Breath_of_the_Wild.html
7576,Torch.html,are,Object,in,The_Legend_of_Zelda_(Series).html
7577,Torch_Phantom.html,are,Enemy,from,The_Legend_of_Zelda__Spirit_Tracks.html
7578,Torch_Phantom.html,are,Enemy,in,The_Legend_of_Zelda__Spirit_Tracks.html
7579,Toren.html,is,Character,in,The_Legend_of_Zelda__Breath_of_the_Wild.html
7580,Torfeau.html,is,Character,in,The_Legend_of_Zelda__Breath_of_the_Wild.html
7581,Torfeau.html,is,Character,in,The_Legend_of_Zelda__Breath_of_the_Wild.html
7582,Torin_Wetland.html,is,Location,in,The_Legend_of_Zelda__Breath_of_the_Wild.html
7583,Tornado.html,are,Object,in,The_Legend_of_Zelda_(Series).html
7584,Tornado_Rod.html,is,Item,from,The_Legend_of_Zelda__A_Link_Between_Worlds.html
7585,Toronbo_Beach.html,is,Location,in,The_Legend_of_Zelda__Breath_of_the_Wild.html
7586,Toronbo_Shores.html,is,Location,from,The_Legend_of_Zelda__Link%27s_Awakening.html
7587,Torrent_Robe.html,is,Item,from,The_Legend_of_Zelda__Tri_Force_Heroes.html
7588,Toruma_Dunes.html,are,Location,from,The_Legend_of_Zelda__Breath_of_the_Wild.html
7589,Toruma_Dunes.html,are,Location,in,The_Legend_of_Zelda__Breath_of_the_Wild.html
7590,Totem_Armos.html,are,Enemy,in,The_Legend_of_Zelda__Tri_Force_Heroes.html
7591,Totem_Deku.html,are,Enemy,in,The_Legend_of_Zelda__Tri_Force_Heroes.html
7592,Toto.html,is,Character,from,The_Legend_of_Zelda__Majora%27s_Mask.html
7593,Toto.html,is,Character,in,The_Legend_of_Zelda__Majora%27s_Mask.html
7594,Toto_Lake.html,is,Location,from,The_Legend_of_Zelda__Breath_of_the_Wild.html
7595,Toto_Sah.html,is,Character,from,The_Legend_of_Zelda__Breath_of_the_Wild.html
7596,Toto_Sah_Shrine.html,is,Shrine,from,The_Legend_of_Zelda__Breath_of_the_Wild.html
7597,Totori_Lake.html,is,Location,from,The_Legend_of_Zelda__Breath_of_the_Wild.html
7598,Totsuna.html,is,Character,from,The_Legend_of_Zelda__Breath_of_the_Wild.html
7599,Tott.html,is,Character,from,The_Legend_of_Zelda__The_Wind_Waker.html
7600,Tott.html,is,Character,in,The_Legend_of_Zelda__The_Wind_Waker.html
7601,Tottika.html,is,Character,from,The_Legend_of_Zelda__Breath_of_the_Wild.html
7602,Tough_Beetle.html,is,Item,from,The_Legend_of_Zelda__Skyward_Sword.html
7603,Tough_Beetle.html,is,Item,in,The_Legend_of_Zelda__Skyward_Sword.html
7604,Tough_Elixir.html,is,Item,with,The_Legend_of_Zelda__Breath_of_the_Wild.html
7605,Tough_Meat-Stuffed_Pumpkin.html,is,Item,from,The_Legend_of_Zelda__Breath_of_the_Wild.html
7606,Tough_Meat_and_Mushroom_Skewer.html,is,Item,from,The_Legend_of_Zelda__Breath_of_the_Wild.html
7607,Tourist_Prow.html,are,Object,in,The_Legend_of_Zelda__Phantom_Hourglass.html
7608,Tower_(Freshly-Picked_Tingle's_Rosy_Rupeeland).html,is,Location,from,Rupeeland.html
7609,Tower_(The_Minish_Cap).html,is,Location,from,The_Legend_of_Zelda__The_Minish_Cap.html
7610,Tower_of_Flames.html,is,Location,from,The_Legend_of_Zelda__Four_Swords_Adventures.html
7611,Tower_of_Flames.html,is,Stage,in,Death_Mountain.html
7612,Tower_of_Hera_(A_Link_Between_Worlds).html,is,Dungeon,from,The_Legend_of_Zelda__A_Link_Between_Worlds.html
7613,Tower_of_Hera_(A_Link_Between_Worlds).html,is,Dungeon,in,The_Legend_of_Zelda__A_Link_to_the_Past.html
7614,Tower_of_Hera_(A_Link_to_the_Past).html,is,Dungeon,in,The_Legend_of_Zelda__A_Link_to_the_Past.html
7615,Tower_of_Hera_(A_Link_to_the_Past).html,is,Dungeon,in,Ganon%27s_Tower_(A_Link_to_the_Past).html
7616,Tower_of_Spirits.html,is,Dungeon,from,The_Legend_of_Zelda__Spirit_Tracks.html
7617,Tower_of_Winds.html,is,Location,from,The_Legend_of_Zelda__Four_Swords_Adventures.html
7618,Tower_of_the_Gods.html,is,Dungeon,in,The_Legend_of_Zelda__The_Wind_Waker.html
7619,Town_Flower.html,is,Item,from,The_Legend_of_Zelda__The_Wind_Waker.html
7620,Town_Flower.html,are,Item,in,The_Legend_of_Zelda__The_Wind_Waker.html
7621,Town_Guard.html,is,Character,in,Potion.html#Potions_in_Freshly-Picked_Tingle.27s_Rosy_Rupeeland
7622,Town_Jail.html,is,Location,from,The_Legend_of_Zelda__The_Wind_Waker.html#Port_to_Wii_U
7623,Town_Jail.html,is,Location,in,The_Legend_of_Zelda__The_Wind_Waker.html
7624,Town_Shooting_Gallery.html,is,Location,from,The_Legend_of_Zelda__Ocarina_of_Time.html
7625,Town_Shooting_Gallery_Guy.html,is,Character,in,The_Legend_of_Zelda__Ocarina_of_Time.html
7626,Town_Tool_Shop.html,is,Shop,in,Mabe_Village.html
7627,Town_of_Nabooru.html,is,Location,from,Zelda_II__The_Adventure_of_Link.html
7628,Town_of_Rauru.html,is,Location,from,Zelda_II__The_Adventure_of_Link.html
7629,Town_of_Ruto.html,is,Location,from,Zelda_II__The_Adventure_of_Link.html
7630,Toyku_Lighthouse.html,is,Location,in,Link__The_Faces_of_Evil.html
7631,Tracy.html,is,Character,in,The_Legend_of_Zelda__Link%27s_Awakening.html
7632,Trading_Post_Guy.html,is,Character,in,The_Legend_of_Zelda__Majora%27s_Mask.html
7633,Train_Parts.html,are,Item,from,The_Legend_of_Zelda__Spirit_Tracks.html
7634,Travel_Medallion.html,is,Item,from,The_Legend_of_Zelda__Breath_of_the_Wild.html
7635,Travel_Medallion.html,is,Item,in,The_Legend_of_Zelda__Breath_of_the_Wild.html
7636,Traveler's_Bow.html,is,Item,from,The_Legend_of_Zelda__Breath_of_the_Wild.html
7637,Traveler's_Bridle.html,is,Item,in,The_Legend_of_Zelda__Breath_of_the_Wild.html
7638,Traveler's_Claymore.html,is,Sword,in,The_Legend_of_Zelda__Breath_of_the_Wild.html
7639,Traveler's_Saddle.html,is,Item,in,The_Legend_of_Zelda__Breath_of_the_Wild.html
7640,Traveler's_Shield.html,is,Item,from,The_Legend_of_Zelda__Breath_of_the_Wild.html
7641,Traveler's_Spear.html,is,Item,in,The_Legend_of_Zelda__Breath_of_the_Wild.html
7642,Traveler's_Sword.html,is,Item,from,The_Legend_of_Zelda__Breath_of_the_Wild.html
7643,Traveling_Merchants.html,are,Character,from,The_Legend_of_Zelda__The_Wind_Waker.html
7644,Tray.html,is,Character,from,The_Legend_of_Zelda__Breath_of_the_Wild.html
7645,Tray.html,is,Character,in,The_Legend_of_Zelda__Breath_of_the_Wild.html
7646,Traysi.html,is,Character,from,The_Legend_of_Zelda__Breath_of_the_Wild.html
7647,Traysi.html,is,Character,in,The_Legend_of_Zelda__Breath_of_the_Wild.html
7648,Treacherous_Tower.html,is,Location,in,The_Legend_of_Zelda__A_Link_Between_Worlds.html
7649,Treasure.html,are,Item,in,The_Legend_of_Zelda_series.html
7650,Treasure.html,are,Item,in,The_Legend_of_Zelda_(Series).html
7651,Treasure_Chart.html,are,Item,in,The_Legend_of_Zelda_series.html
7652,Treasure_Chart.html,are,Item,in,The_Legend_of_Zelda__The_Wind_Waker.html
7653,Treasure_Chest_Shop.html,are,Location,in,The_Legend_of_Zelda_series.html
7654,Treasure_Chest_Shop_Gal.html,is,Character,in,The_Legend_of_Zelda__Ocarina_of_Time.html
7655,Treasure_Field.html,is,Location,from,The_Legend_of_Zelda__A_Link_to_the_Past.html
7656,Treasure_Field_Manager.html,is,Character,from,The_Legend_of_Zelda__A_Link_to_the_Past.html
7657,Treasure_Hunter.html,is,Character,in,The_Legend_of_Zelda__A_Link_Between_Worlds.html
7658,Treasure_Hunter_Cave.html,are,Location,in,The_Legend_of_Zelda__A_Link_Between_Worlds.html
7659,Treasure_Map.html,are,Item,in,The_Legend_of_Zelda__Oracle_of_Seasons.html
7660,Treasure_Medal.html,is,Item,from,The_Legend_of_Zelda__Skyward_Sword.html
7661,Treasure_Medal.html,are,Item,in,The_Legend_of_Zelda_(Series).html
7662,Treasure_Octorok.html,are,Enemy,from,The_Legend_of_Zelda__Breath_of_the_Wild.html
7663,Treasure_Orb.html,are,Object,from,The_Legend_of_Zelda__The_Wind_Waker.html
7664,Treasure_Sphere.html,are,Object,in,The_Legend_of_Zelda__The_Wind_Waker.html
7665,Treasure_Teller.html,is,Character,from,The_Legend_of_Zelda__Phantom_Hourglass.html
7666,Treasure_Teller.html,is,Character,in,The_Legend_of_Zelda__Phantom_Hourglass.html
7667,Treasures.html,are,Item,in,The_Legend_of_Zelda_series.html
7668,Treasures.html,are,Item,in,The_Legend_of_Zelda_(Series).html
7669,Tree_Branch.html,are,Item,in,The_Legend_of_Zelda__The_Wind_Waker.html
7670,Tree_of_Mystery.html,is,Location,from,The_Legend_of_Zelda__Mystical_Seed_of_Courage.html
7671,Trello.html,is,Character,from,The_Legend_of_Zelda__Breath_of_the_Wild.html
7672,Trey.html,is,Character,from,The_Legend_of_Zelda__Breath_of_the_Wild.html
7673,Tri_Force_Hero_Statue.html,is,Object,in,The_Legend_of_Zelda__Tri_Force_Heroes.html
7674,Tri_Force_Heroes_Statue.html,is,Object,in,The_Legend_of_Zelda__Tri_Force_Heroes.html
7675,Trial_of_Second_Sight.html,is,Quest,in,The_Legend_of_Zelda__Breath_of_the_Wild.html
7676,Trial_of_Thunder.html,is,Quest,in,The_Legend_of_Zelda__Breath_of_the_Wild.html
7677,Trial_of_the_Sword.html,is,Location,from,The_Legend_of_Zelda__Breath_of_the_Wild.html
7678,Trial_on_the_Cliff.html,is,Quest,in,The_Legend_of_Zelda__Breath_of_the_Wild.html
7679,Trial_on_the_Cliff.html,is,Quest,in,The_Legend_of_Zelda__Breath_of_the_Wild.html
7680,Triangle_Crystal.html,are,Object,in,The_Legend_of_Zelda_(Series).html
7681,Trident.html,is,Weapon,from,The_Legend_of_Zelda__Four_Swords_Adventures.html
7682,Triforce_Chart.html,are,Item,in,The_Legend_of_Zelda__The_Wind_Waker.html
7683,Triforce_Charts.html,are,Item,in,The_Legend_of_Zelda__The_Wind_Waker.html
7684,Triforce_Harp.html,is,Item,in,The_Legend_of_Zelda_(Series).html
7685,Triforce_Harp_+.html,is,Item,in,The_Legend_of_Zelda_(Series).html
7686,Triforce_Keeper.html,is,Character,from,Zelda_II__The_Adventure_of_Link.html
7687,Triforce_Pedestal.html,are,Object,from,The_Legend_of_Zelda__Ocarina_of_Time.html
7688,Triforce_Pedestals.html,are,Object,from,The_Legend_of_Zelda__Ocarina_of_Time.html
7689,Triforce_Shard.html,are,Item,in,The_Legend_of_Zelda_series.html
7690,Triforce_Shards.html,are,Item,in,The_Legend_of_Zelda_series.html
7691,Triforce_Spinner.html,is,Item,in,The_Legend_of_Zelda__Twilight_Princess.html
7692,Triforce_Spinner_+.html,is,Item,in,The_Legend_of_Zelda__Twilight_Princess.html
7693,Triforce_Tires.html,are,Item,in,Mario_Kart_8.html
7694,Trilby_Highlands.html,is,Location,from,The_Legend_of_Zelda__The_Minish_Cap.html
7695,Trilby_Plain.html,is,Location,from,The_Legend_of_Zelda__Breath_of_the_Wild.html
7696,Trilby_Plain.html,is,Location,in,The_Legend_of_Zelda__Breath_of_the_Wild.html
7697,Trilby_Valley.html,is,Location,in,The_Legend_of_Zelda__Breath_of_the_Wild.html
7698,Trilby_Valley.html,is,Location,in,The_Legend_of_Zelda__Breath_of_the_Wild.html
7699,Trill's_Shop.html,is,Location,in,The_Legend_of_Zelda__Twilight_Princess.html
7700,Trill.html,is,Character,in,The_Legend_of_Zelda__Twilight_Princess.html
7701,Trinexx.html,is,Boss,from,The_Legend_of_Zelda__A_Link_to_the_Past.html
7702,Trinexx.html,is,Boss,in,The_Legend_of_Zelda__A_Link_to_the_Past.html
7703,Trissa.html,is,Character,from,The_Legend_of_Zelda__Breath_of_the_Wild.html
7704,Trophies_in_Super_Smash_Bros-2.html,are,Item,in,Super_Smash_Bros-3.html
7705,Trophies_in_Super_Smash_Bros._for_Nintendo_3DS%2FWii_U.html,are,Item,for,../Wii_U.html
7706,Trophies_in_Super_Smash_Bros.html,are,Item,in,Super_Smash_Bros-4.html
7707,Trophy.html,is,Item,from,Zelda_II__The_Adventure_of_Link.html
7708,Tropical_Prow.html,are,Object,in,The_Legend_of_Zelda__Phantom_Hourglass.html
7709,Tropical_Ship.html,are,Object,in,The_Legend_of_Zelda__Phantom_Hourglass.html
7710,Trott.html,is,Character,in,The_Legend_of_Zelda__Breath_of_the_Wild.html
7711,Trotter's_Downfall.html,is,Location,in,The_Legend_of_Zelda__Breath_of_the_Wild.html
7712,Troupe_Leader's_Mask.html,is,Item,in,The_Legend_of_Zelda__Majora%27s_Mask.html
7713,Trousers_of_Time.html,are,Item,from,The_Legend_of_Zelda__Ocarina_of_Time.html
7714,Trousers_of_Twilight.html,are,Item,from,The_Legend_of_Zelda__Twilight_Princess.html
7715,Trousers_of_the_Hero.html,are,Item,from,The_Legend_of_Zelda.html
7716,Trousers_of_the_Sky.html,is,Item,in,The_Legend_of_Zelda__Breath_of_the_Wild.html
7717,Trousers_of_the_Wild.html,are,Item,from,The_Legend_of_Zelda__Breath_of_the_Wild.html
7718,Trousers_of_the_Wild.html,is,Item,in,The_Legend_of_Zelda__Breath_of_the_Wild.html
7719,Trousers_of_the_Wind.html,are,Item,from,The_Legend_of_Zelda__The_Wind_Waker.html
7720,Troy.html,is,Character,in,The_Legend_of_Zelda__Oracle_of_Ages.html
7721,True_Master_Sword.html,is,Sword,in,#cite_note-legendary-13
7722,Tu_Ka'loh.html,is,Character,from,The_Legend_of_Zelda__Breath_of_the_Wild.html
7723,Tu_Ka'loh_Shrine.html,is,Shrine,from,The_Legend_of_Zelda__Breath_of_the_Wild.html
7724,Tu_Ka'loh_Shrine.html,is,Shrine,in,The_Legend_of_Zelda__Breath_of_the_Wild.html
7725,Tubert.html,is,Character,from,The_Legend_of_Zelda__Skyward_Sword.html
7726,Tubert.html,is,Character,in,The_Legend_of_Zelda__Skyward_Sword.html
7727,Tuft_Mountain.html,is,Location,in,The_Legend_of_Zelda__Breath_of_the_Wild.html
7728,Tula.html,is,Character,in,The_Legend_of_Zelda__Breath_of_the_Wild.html
7729,Tula.html,is,Character,in,The_Legend_of_Zelda__Breath_of_the_Wild.html
7730,Tulin.html,is,Character,from,The_Legend_of_Zelda__Breath_of_the_Wild.html
7731,Tulin.html,is,Character,in,The_Legend_of_Zelda__Breath_of_the_Wild.html
7732,Tumbleweed.html,are,Item,from,The_Legend_of_Zelda__Skyward_Sword.html
7733,Tumbleweed.html,are,Item,in,The_Legend_of_Zelda_(Series).html
7734,Tumbo.html,is,Character,from,The_Legend_of_Zelda__Breath_of_the_Wild.html
7735,Tumlea_Heights.html,are,Location,in,The_Legend_of_Zelda__Breath_of_the_Wild.html
7736,Tunic.html,are,Item,in,The_Legend_of_Zelda__Ocarina_of_Time.html
7737,Tunic_of_Time.html,is,Item,from,The_Legend_of_Zelda__Ocarina_of_Time.html
7738,Tunic_of_Twilight.html,is,Item,from,The_Legend_of_Zelda__Twilight_Princess.html
7739,Tunic_of_the_Hero.html,is,Item,from,The_Legend_of_Zelda.html
7740,Tunic_of_the_Sky.html,is,Item,in,The_Legend_of_Zelda__Breath_of_the_Wild.html
7741,Tunic_of_the_Wild.html,is,Item,from,The_Legend_of_Zelda__Breath_of_the_Wild.html
7742,Tunic_of_the_Wild.html,is,Item,in,The_Legend_of_Zelda__Breath_of_the_Wild.html
7743,Tunic_of_the_Wind.html,is,Item,from,The_Legend_of_Zelda__The_Wind_Waker.html
7744,Tunnel_to_the_Tower.html,is,Location,from,The_Legend_of_Zelda__Spirit_Tracks.html
7745,Tunnel_to_the_Tower.html,is,Location,in,The_Legend_of_Zelda__Spirit_Tracks.html
7746,Turkey.html,are,Enemy,in,Freshly-Picked_Tingle%27s_Rosy_Rupeeland.html
7747,Turtle.html,are,Enemy,from,The_Legend_of_Zelda__A_Link_to_the_Past.html
7748,Turtle.html,is,Character,in,The_Legend_of_Zelda__Majora%27s_Mask.html
7749,Turtle_Rock_(A_Link_Between_Worlds).html,is,Dungeon,in,The_Legend_of_Zelda__A_Link_Between_Worlds.html
7750,Turtle_Rock_(A_Link_to_the_Past).html,is,Dungeon,in,Dark_World_(A_Link_to_the_Past).html
7751,Turtle_Rock_(A_Link_to_the_Past).html,is,Dungeon,in,The_Legend_of_Zelda__A_Link_to_the_Past.html
7752,Turtle_Rock_(Link's_Awakening).html,is,Dungeon,in,The_Legend_of_Zelda__Link%27s_Awakening.html
7753,Tutsuwa_Nima.html,is,Character,from,The_Legend_of_Zelda__Breath_of_the_Wild.html
7754,Tutsuwa_Nima_Shrine.html,is,Shrine,from,The_Legend_of_Zelda__Breath_of_the_Wild.html
7755,Twilight_Bow.html,is,Item,from,The_Legend_of_Zelda__Twilight_Princess.html
7756,Twilight_Curtain.html,is,Location,in,Twilight.html
7757,Twilight_Field.html,is,Stage,in,Hyrule_Warriors.html
7758,Twilight_Fossil.html,is,Boss,of,Arbiter%27s_Grounds_(Twilight_Princess).html
7759,Twilit_Baba_Serpent.html,are,Enemy,in,The_Legend_of_Zelda__Twilight_Princess.html
7760,Twilit_Bulblin_Archer.html,are,Enemy,in,The_Legend_of_Zelda_(Series).html
7761,Twilit_Carrier_Kargarok.html,is,Boss,in,The_Legend_of_Zelda__Twilight_Princess.html
7762,Twilit_Kargarok.html,are,Enemy,in,The_Legend_of_Zelda_(Series).html
7763,Twilit_Messenger.html,are,Enemy,in,Twilight.html
7764,Twin_Islands.html,are,Location,from,The_Legend_of_Zelda__Majora%27s_Mask.html
7765,Twin_Lumberjacks.html,are,Character,from,The_Legend_of_Zelda__A_Link_to_the_Past.html
7766,Twinmold's_Remains.html,are,Item,in,The_Legend_of_Zelda__Majora%27s_Mask.html
7767,Twinmold.html,is,Boss,of,Stone_Tower_Temple.html
7768,Twinrova_(Ocarina_of_Time).html,are,Boss,from,The_Legend_of_Zelda__Ocarina_of_Time.html
7769,Twins.html,are,Character,in,The_Legend_of_Zelda_series.html
7770,Twisted_Tunnels.html,is,Location,from,The_Legend_of_Zelda__Spirit_Tracks.html
7771,Two-Eye_Reef.html,is,Location,from,The_Legend_of_Zelda__The_Wind_Waker.html
7772,Two-Headed_Dragon.html,is,Boss,in,The_Legend_of_Zelda_(Series).html
7773,Tycoon_Wallet.html,is,Item,from,The_Legend_of_Zelda__Skyward_Sword.html
7774,Tye.html,is,Character,from,The_Legend_of_Zelda__Breath_of_the_Wild.html
7775,Typhoon_Harp.html,is,Item,in,The_Legend_of_Zelda_(Series).html
7776,Tyto.html,is,Character,from,The_Legend_of_Zelda__Skyward_Sword.html
7777,Tyto.html,is,Character,in,The_Legend_of_Zelda__Skyward_Sword.html
7778,Ubato_Hills.html,is,Location,in,Zelda%27s_Adventure.html
7779,Ubota_Point.html,is,Location,from,The_Legend_of_Zelda__Breath_of_the_Wild.html
7780,Ukuku_Plains.html,is,Location,in,The_Legend_of_Zelda__Breath_of_the_Wild.html
7781,Ukuku_Prairie.html,is,Location,from,The_Legend_of_Zelda__Link%27s_Awakening.html
7782,Uli.html,is,Character,in,The_Legend_of_Zelda__Twilight_Princess.html
7783,Ulri_Mountain.html,is,Location,in,The_Legend_of_Zelda__Breath_of_the_Wild.html
7784,Ulria_Grotto.html,is,Location,in,The_Legend_of_Zelda__Breath_of_the_Wild.html
7785,Ulrira.html,is,Character,from,The_Legend_of_Zelda__Link%27s_Awakening.html
7786,Ulrira.html,is,Character,in,The_Legend_of_Zelda__Link%27s_Awakening.html
7787,Ultimate_Sword.html,is,Sword,from,The_Legend_of_Zelda__Link%27s_Awakening.html
7788,Ultra_Death_Bug.html,is,Boss,in,Freshly-Picked_Tingle%27s_Rosy_Rupeeland.html
7789,Ultra_Lord_Death_Bug.html,is,Boss,in,Freshly-Picked_Tingle%27s_Rosy_Rupeeland.html
7790,Uma.html,is,Character,from,The_Legend_of_Zelda__Breath_of_the_Wild.html
7791,Uncle_Rupee.html,is,Character,from,Freshly-Picked_Tingle%27s_Rosy_Rupeeland.html
7792,Uncle_Rupee.html,is,Character,in,Rupeeland.html
7793,Uncle_Rupee_(boss).html,is,Boss,of,Tower_(Freshly-Picked_Tingle%27s_Rosy_Rupeeland).html
7794,Under_a_Red_Moon.html,is,Quest,in,The_Legend_of_Zelda__Breath_of_the_Wild.html
7795,Under_the_Bridge.html,is,Location,in,The_Legend_of_Zelda_series.html
7796,Underground_Maze.html,is,Stage,from,Super_Smash_Bros-2.html
7797,Underground_Waterway.html,is,Location,in,The_Legend_of_Zelda__Twilight_Princess.html
7798,Underworld.html,is,Location,in,The_Legend_of_Zelda_series.html
7799,Underworld.html,is,Location,in,The_Legend_of_Zelda_(Series).html
7800,Unicorn's_Cave.html,is,Dungeon,in,The_Legend_of_Zelda__Oracle_of_Seasons.html
7801,Updraft.html,are,Object,in,The_Legend_of_Zelda_series.html
7802,Upland_Lindor.html,is,Location,from,The_Legend_of_Zelda__Breath_of_the_Wild.html
7803,Upland_Zorana.html,is,Location,in,The_Legend_of_Zelda__Breath_of_the_Wild.html
7804,Upper_Zora's_River.html,is,Location,in,The_Legend_of_Zelda_(Series).html
7805,Urbosa's_Diary.html,is,Item,from,The_Legend_of_Zelda__Breath_of_the_Wild.html
7806,Urbosa's_Fury.html,is,Item,from,The_Legend_of_Zelda__Breath_of_the_Wild.html
7807,Urbosa.html,is,Character,in,Princess_Zelda.html#The_Legend_of_Zelda:_Breath_of_the_Wild
7808,Ursore.html,is,Boss,in,Zelda%27s_Adventure.html
7809,Uten_Marsh.html,is,Location,from,The_Legend_of_Zelda__Breath_of_the_Wild.html
7810,Utility_Handrail.html,are,Object,in,The_Legend_of_Zelda__Phantom_Hourglass.html
7811,Vaati's_Palace.html,is,Location,from,The_Legend_of_Zelda__Four_Swords.html
7812,Vaati's_Palace.html,is,Stage,of,Great_Fairy.html#Four_Swords
7813,Vaati's_Wrath.html,is,Boss,in,The_Legend_of_Zelda_(Series).html
7814,Vaati.html,is,Boss,in,The_Legend_of_Zelda_(Series).html
7815,Vaati_(Four_Swords).html,is,Boss,of,The_Legend_of_Zelda__Four_Swords.html
7816,Vaati_(Four_Swords_Adventures).html,is,Boss,from,The_Legend_of_Zelda__Four_Swords_Adventures.html
7817,Vaati_Reborn.html,is,Boss,in,The_Legend_of_Zelda_(Series).html
7818,Vaati_Transfigured.html,is,Boss,in,The_Legend_of_Zelda_(Series).html
7819,Vacant_House.html,is,Location,from,The_Legend_of_Zelda__A_Link_Between_Worlds.html
7820,Vacant_House.html,is,Location,in,The_Legend_of_Zelda__A_Link_Between_Worlds.html
7821,Vah_Medoh_Divine_Helm.html,is,Item,from,The_Legend_of_Zelda__Breath_of_the_Wild.html
7822,Vah_Naboris_Divine_Helm.html,is,Item,from,The_Legend_of_Zelda__Breath_of_the_Wild.html
7823,Vah_Rudania_Divine_Helm.html,is,Item,from,The_Legend_of_Zelda__Breath_of_the_Wild.html
7824,Vah_Ruta_Divine_Helm.html,is,Item,from,The_Legend_of_Zelda__Breath_of_the_Wild.html
7825,Valenzuela.html,is,Character,from,The_Legend_of_Zelda__Four_Swords_(manga).html
7826,Valley_of_Death.html,is,Location,from,Zelda_II__The_Adventure_of_Link.html
7827,Valley_of_Seers.html,is,Stage,in,Hyrule_Warriors.html
7828,Valoo.html,is,Character,from,The_Legend_of_Zelda__The_Wind_Waker.html
7829,Valoo.html,is,Character,in,The_Legend_of_Zelda__The_Wind_Waker.html
7830,Vapora.html,are,Boss,of,Shrine_of_Air.html
7831,Varke.html,is,Character,in,The_Legend_of_Zelda__Breath_of_the_Wild.html
7832,Vase.html,are,Object,in,The_Legend_of_Zelda_(Series).html
7833,Vassals.html,are,Character,from,The_Legend_of_Zelda__The_Minish_Cap.html
7834,Vatorsa_Snowfield.html,is,Location,in,The_Legend_of_Zelda__Breath_of_the_Wild.html
7835,Vatorsa_Snowfield.html,is,Location,in,The_Legend_of_Zelda__Breath_of_the_Wild.html
7836,Vegetable_Curry.html,is,Item,from,The_Legend_of_Zelda__Breath_of_the_Wild.html
7837,Vegetable_Omelet.html,is,Item,from,The_Legend_of_Zelda__Breath_of_the_Wild.html
7838,Vegetable_Risotto.html,is,Item,from,The_Legend_of_Zelda__Breath_of_the_Wild.html
7839,Veggie_Cream_Soup.html,is,Item,from,The_Legend_of_Zelda__Breath_of_the_Wild.html
7840,Veggie_Rice_Balls.html,are,Item,from,The_Legend_of_Zelda__Breath_of_the_Wild.html
7841,Veil_Falls.html,is,Location,from,The_Legend_of_Zelda__The_Minish_Cap.html
7842,Veil_Springs.html,is,Location,from,The_Legend_of_Zelda__The_Minish_Cap.html
7843,Veiled_Falls.html,is,Location,in,The_Legend_of_Zelda__Breath_of_the_Wild.html
7844,Vendoss.html,is,Location,in,Zelda%27s_Adventure.html
7845,Vengas.html,are,Enemy,from,The_Legend_of_Zelda__Spirit_Tracks.html
7846,Vengas.html,are,Enemy,in,The_Legend_of_Zelda__Spirit_Tracks.html
7847,Vengeful_Deity_Mask.html,are,Item,in,The_Legend_of_Zelda_(Series).html
7848,Vengeful_Deity_Mask_+.html,are,Item,in,The_Legend_of_Zelda_(Series).html
7849,Ventest_Clothing_Boutique.html,is,Shop,from,The_Legend_of_Zelda__Breath_of_the_Wild.html
7850,Venus.html,is,Character,from,The_Legend_of_Zelda__A_Link_to_the_Past.html
7851,Venus_Flytrap.html,are,Enemy,from,The_Legend_of_Zelda__Majora%27s_Mask.html
7852,Vera.html,are,Character,in,The_Legend_of_Zelda__The_Wind_Waker.html
7853,Verla.html,is,Character,in,The_Legend_of_Zelda__Breath_of_the_Wild.html
7854,Verona.html,is,Character,from,The_Legend_of_Zelda__The_Minish_Cap.html
7855,Verona.html,is,Character,in,The_Legend_of_Zelda__The_Minish_Cap.html
7856,Vessel.html,is,Object,from,The_Legend_of_Zelda__Spirit_Tracks.html
7857,Vessel_of_Light.html,is,Item,in,The_Legend_of_Zelda__Twilight_Princess.html
7858,Vestest_Clothing_Boutique.html,is,Shop,from,The_Legend_of_Zelda__Breath_of_the_Wild.html
7859,Veteran_Thief.html,is,Character,in,The_Legend_of_Zelda__A_Link_Between_Worlds.html
7860,Vicente.html,is,Character,in,The_Legend_of_Zelda__Majora%27s_Mask_(Himekawa).html
7861,Vicious_Sickle.html,is,Item,from,The_Legend_of_Zelda__Breath_of_the_Wild.html
7862,Victory_Ring.html,are,Item,in,The_Legend_of_Zelda__Oracle_of_Ages.html
7863,Vilia.html,is,Character,from,The_Legend_of_Zelda__Breath_of_the_Wild.html
7864,Vilia.html,is,Character,in,The_Legend_of_Zelda__Breath_of_the_Wild.html
7865,Village_of_Outcasts.html,is,Location,from,The_Legend_of_Zelda__A_Link_to_the_Past.html
7866,Village_of_the_Blue_Maiden.html,is,Location,from,The_Legend_of_Zelda__Four_Swords_Adventures.html
7867,Village_of_the_Blue_Maiden.html,is,Stage,in,The_Legend_of_Zelda__Four_Swords_Adventures.html
7868,Vine.html,are,Object,in,The_Legend_of_Zelda_series.html
7869,Vine.html,are,Object,in,The_Legend_of_Zelda_(Series).html
7870,Vine_Sprout.html,are,Object,in,The_Legend_of_Zelda__Oracle_of_Ages.html
7871,Vines.html,are,Object,in,The_Legend_of_Zelda_(Series).html
7872,Vintage_Hull.html,are,Object,in,The_Legend_of_Zelda__Phantom_Hourglass.html
7873,Vintage_Ship.html,are,Object,in,The_Legend_of_Zelda__Phantom_Hourglass.html
7874,Vire.html,are,Enemy,in,The_Legend_of_Zelda_series.html
7875,Vire.html,is,Enemy,in,The_Legend_of_Zelda_(Series).html
7876,Vision_Henge.html,is,Location,in,Zelda%27s_Adventure.html
7877,Vitreous.html,is,Boss,of,Misery_Mire_(A_Link_to_the_Past).html
7878,Vitreous.html,is,Boss,of,Misery_Mire_(A_Link_to_the_Past).html
7879,Volcanic_Dominion_Rod.html,is,Item,in,The_Legend_of_Zelda_(Series).html
7880,Volcano_Summit.html,is,Location,from,The_Legend_of_Zelda__Skyward_Sword.html
7881,Volcon.html,is,Character,from,The_Legend_of_Zelda__Breath_of_the_Wild.html
7882,Volcon.html,is,Character,in,The_Legend_of_Zelda__Breath_of_the_Wild.html
7883,Volga's_Forces.html,are,Group,in,Hyrule_Warriors.html
7884,Volt_Fruit.html,is,Item,in,The_Legend_of_Zelda__Breath_of_the_Wild.html
7885,Volta.html,are,Enemy,in,Zelda%27s_Adventure.html
7886,Voltfin_Trout.html,is,Item,from,The_Legend_of_Zelda__Breath_of_the_Wild.html
7887,Voltfruit.html,is,Item,in,The_Legend_of_Zelda__Breath_of_the_Wild.html
7888,Volvagia.html,is,Boss,of,Fire_Temple_(Ocarina_of_Time).html
7889,Volvagia.html,is,Boss,of,Fire_Temple_(Ocarina_of_Time).html
7890,Voo_Lota.html,is,Character,from,The_Legend_of_Zelda__Breath_of_the_Wild.html
7891,Vulture.html,are,Enemy,in,The_Legend_of_Zelda_series.html
7892,Vulture.html,are,Enemy,in,The_Legend_of_Zelda_(Series).html
7893,Vulture_Vizier.html,is,Boss,of,Stone_Corridors.html
7894,Wabbin.html,is,Character,from,The_Legend_of_Zelda__Breath_of_the_Wild.html
7895,Wahgo_Katta.html,is,Character,from,The_Legend_of_Zelda__Breath_of_the_Wild.html
7896,Wahgo_Katta_Shrine.html,is,Shrine,from,The_Legend_of_Zelda__Breath_of_the_Wild.html
7897,Waitress.html,is,Character,from,Chef_(Freshly-Picked_Tingle%27s_Rosy_Rupeeland).html
7898,Waitress.html,is,Character,in,Freshly-Picked_Tingle%27s_Rosy_Rupeeland.html
7899,Wake-Up_Mushroom-2.html,are,Item,in,The_Legend_of_Zelda_(Series).html
7900,Wake-Up_Mushroom.html,is,Item,from,The_Legend_of_Zelda__The_Minish_Cap.html
7901,Wake-up_Mushroom.html,are,Item,in,The_Legend_of_Zelda_(Series).html
7902,Wall_Master.html,are,Enemy,in,The_Legend_of_Zelda_(Series).html
7903,Wallet.html,is,Item,in,The_Legend_of_Zelda_series.html
7904,Wallmaster.html,are,Enemy,in,The_Legend_of_Zelda_(Series).html
7905,Wallmasters.html,are,Enemy,in,The_Legend_of_Zelda_(Series).html
7906,Walltula.html,are,Enemy,in,The_Legend_of_Zelda__Ocarina_of_Time.html
7907,Walltula.html,are,Enemy,in,The_Legend_of_Zelda_(Series).html
7908,Walnot_Mountain.html,is,Location,in,The_Legend_of_Zelda__Breath_of_the_Wild.html
7909,Walrus.html,is,Character,from,The_Legend_of_Zelda__Link%27s_Awakening.html
7910,Walrus.html,is,Character,in,The_Legend_of_Zelda__Link%27s_Awakening.html
7911,Walton.html,is,Character,from,The_Legend_of_Zelda__Breath_of_the_Wild.html
7912,Walton.html,is,Character,in,The_Legend_of_Zelda__Breath_of_the_Wild.html
7913,Wand_of_Gamelon.html,is,Item,from,Princess_Zelda.html
7914,Wand_of_Gamelon_(Item).html,is,Item,in,Zelda__The_Wand_of_Gamelon.html
7915,Warbane.html,is,Boss,in,Zelda%27s_Adventure.html
7916,Warbler's_Nest.html,is,Location,in,The_Legend_of_Zelda__Breath_of_the_Wild.html
7917,Warm_Darner.html,is,Item,from,The_Legend_of_Zelda__Breath_of_the_Wild.html
7918,Warm_Doublet.html,is,Item,from,The_Legend_of_Zelda__Breath_of_the_Wild.html
7919,Warm_Milk.html,is,Item,from,The_Legend_of_Zelda__Breath_of_the_Wild.html
7920,Warm_Safflina.html,is,Item,from,The_Legend_of_Zelda__Breath_of_the_Wild.html
7921,Warp_Phantom.html,are,Enemy,from,The_Legend_of_Zelda__Spirit_Tracks.html
7922,Warp_Phantom.html,are,Enemy,in,The_Legend_of_Zelda__Spirit_Tracks.html
7923,Warp_Point.html,are,Object,in,The_Legend_of_Zelda_(Series).html
7924,Warp_Pot.html,are,Item,from,The_Legend_of_Zelda__The_Wind_Waker.html
7925,Warship.html,are,Enemy,in,The_Legend_of_Zelda_(Series).html
7926,Washa's_Bluff.html,is,Location,from,The_Legend_of_Zelda__Breath_of_the_Wild.html
7927,Washubi_Swamp.html,is,Location,in,Zelda__The_Wand_of_Gamelon.html
7928,Wasteland_Tower.html,is,Location,in,The_Legend_of_Zelda__Breath_of_the_Wild.html
7929,Watch_Out_for_the_Flowers.html,is,Quest,in,The_Legend_of_Zelda__Breath_of_the_Wild.html
7930,Watcher.html,are,Enemy,from,The_Legend_of_Zelda__Skyward_Sword.html
7931,Watcher.html,are,Enemy,in,Guardian.html#Skyward_Sword
7932,Water.html,is,Item,in,The_Legend_of_Zelda_series.html
7933,Water_Bomb.html,are,Item,in,The_Legend_of_Zelda__Twilight_Princess.html
7934,Water_Bottle.html,are,Item,in,The_Legend_of_Zelda_(Series).html
7935,Water_Dragon's_Basin.html,is,Item,from,The_Legend_of_Zelda__Skyward_Sword.html
7936,Water_Dragon's_Scale.html,is,Item,from,The_Legend_of_Zelda__Skyward_Sword.html
7937,Water_Dragon's_Scale.html,is,Item,in,The_Legend_of_Zelda__Skyward_Sword.html
7938,Water_Dragon.html,is,Character,in,The_Legend_of_Zelda__Skyward_Sword.html
7939,Water_Dragon_Scale.html,is,Item,in,The_Legend_of_Zelda__Skyward_Sword.html
7940,Water_Dragon_Scale_+.html,are,Item,in,The_Legend_of_Zelda_(Series).html
7941,Water_Element.html,are,Item,from,The_Legend_of_Zelda__The_Minish_Cap.html
7942,Water_Lady.html,is,Character,in,Zelda__The_Wand_of_Gamelon.html
7943,Water_Medallion.html,are,Item,from,The_Legend_of_Zelda__Ocarina_of_Time.html
7944,Water_Reservoir.html,is,Location,from,The_Legend_of_Zelda__Breath_of_the_Wild.html
7945,Water_Rod.html,is,Item,in,The_Legend_of_Zelda__Tri_Force_Heroes.html
7946,Water_Spin.html,is,Item,in,The_Legend_of_Zelda__Skyward_Sword.html
7947,Water_Spume.html,are,Enemy,in,The_Legend_of_Zelda__Skyward_Sword.html
7948,Water_Temple.html,is,Dungeon,in,The_Legend_of_Zelda__Ocarina_of_Time_3D.html
7949,Water_Toadpoli.html,are,Enemy,in,The_Legend_of_Zelda__Twilight_Princess.html
7950,Water_Town_of_Saria.html,is,Location,from,Zelda_II__The_Adventure_of_Link.html
7951,Water_of_Life.html,is,Item,from,Zelda_II__The_Adventure_of_Link.html
7952,Water_of_Life.html,is,Item,in,The_Legend_of_Zelda_(Series).html
7953,Waterblight_Ganon.html,is,Boss,in,The_Legend_of_Zelda__Breath_of_the_Wild.html
7954,Waterblight_Ganon.html,is,Boss,in,The_Legend_of_Zelda__Breath_of_the_Wild.html
7955,Waterfall_(Link's_Awakening).html,is,Location,from,The_Legend_of_Zelda__Link%27s_Awakening.html
7956,Waterfall_(The_Legend_of_Zelda).html,is,Location,from,The_Legend_of_Zelda.html
7957,Waterfall_Cave.html,is,Location,from,The_Legend_of_Zelda__Skyward_Sword.html
7958,Waterfall_Fish.html,is,Item,from,Freshly-Picked_Tingle%27s_Rosy_Rupeeland.html
7959,Waterfall_Rapids.html,is,Location,from,The_Legend_of_Zelda__Majora%27s_Mask.html
7960,Waterfall_Rapids.html,is,Location,in,Great_Bay.html
7961,Waterfall_of_Wishing.html,is,Location,from,The_Legend_of_Zelda__A_Link_to_the_Past.html
7962,Waterfall_of_Wishing.html,is,Location,in,The_Legend_of_Zelda__A_Link_to_the_Past.html
7963,Waveblade.html,is,Character,from,The_Legend_of_Zelda__The_Minish_Cap.html
7964,Waveblade.html,are,Character,in,The_Legend_of_Zelda__The_Minish_Cap.html
7965,Wavelet_Bell.html,is,Item,in,The_Legend_of_Zelda__A_Link_Between_Worlds.html
7966,Weather_Vane.html,are,Object,from,The_Legend_of_Zelda__A_Link_Between_Worlds.html
7967,Weather_Vane.html,are,Object,in,The_Legend_of_Zelda_(Series).html
7968,Weathercock.html,are,Object,in,The_Legend_of_Zelda_series.html
7969,Weathercock.html,are,Object,in,The_Legend_of_Zelda_(Series).html
7970,Weathervane.html,are,Object,in,The_Legend_of_Zelda_(Series).html
7971,Web.html,are,Object,in,The_Legend_of_Zelda_series.html
7972,Weighty_Anchor.html,are,Object,in,The_Legend_of_Zelda__Phantom_Hourglass.html
7973,Weird_Egg.html,is,Item,from,The_Legend_of_Zelda__Ocarina_of_Time.html
7974,Weird_Egg.html,is,Item,in,The_Legend_of_Zelda_(Series).html
7975,Well-Worn_Trousers.html,are,Item,in,The_Legend_of_Zelda__Breath_of_the_Wild.html
7976,Well_of_Three_Features.html,is,Location,from,The_Legend_of_Zelda__Ocarina_of_Time.html
7977,Wellspring_Station.html,is,Location,in,The_Legend_of_Zelda__Spirit_Tracks.html
7978,Wes_Island.html,is,Location,from,The_Legend_of_Zelda__Breath_of_the_Wild.html
7979,West_Barrens.html,is,Location,in,The_Legend_of_Zelda__Breath_of_the_Wild.html
7980,West_Barrens.html,is,Location,in,The_Legend_of_Zelda__Breath_of_the_Wild.html
7981,West_Castle_Town.html,is,Location,from,The_Legend_of_Zelda__Breath_of_the_Wild.html
7982,West_Clock_Town.html,is,Location,from,The_Legend_of_Zelda__Majora%27s_Mask.html
7983,West_Deplian_Badlands.html,are,Location,in,The_Legend_of_Zelda__Breath_of_the_Wild.html
7984,West_Deplian_Badlands.html,are,Location,in,The_Legend_of_Zelda__Breath_of_the_Wild.html
7985,West_Gerudo_Ruins.html,is,Location,in,The_Legend_of_Zelda__Breath_of_the_Wild.html
7986,West_Gerudo_Ruins.html,is,Location,in,The_Legend_of_Zelda__Breath_of_the_Wild.html
7987,West_Hyrule_Plains.html,are,Location,from,The_Legend_of_Zelda__Breath_of_the_Wild.html
7988,West_Loshlo_Harbor.html,is,Location,from,The_Legend_of_Zelda__Breath_of_the_Wild.html
7989,West_Lynna.html,is,Location,in,Labrynna.html
7990,West_Nabi_Lake.html,is,Location,in,The_Legend_of_Zelda__Breath_of_the_Wild.html
7991,West_Necluda.html,is,Location,in,The_Legend_of_Zelda__Breath_of_the_Wild.html
7992,West_Necluda.html,is,Location,in,The_Legend_of_Zelda__Breath_of_the_Wild.html
7993,West_Passage.html,is,Location,in,The_Legend_of_Zelda__Breath_of_the_Wild.html
7994,West_Passage.html,is,Dungeon,of,The_Legend_of_Zelda__Breath_of_the_Wild.html
7995,West_Rospro_Pass.html,is,Location,from,The_Legend_of_Zelda__Breath_of_the_Wild.html
7996,West_Sapphia's_Table.html,is,Location,from,The_Legend_of_Zelda__Breath_of_the_Wild.html
7997,West_Sokkala_Bridge.html,is,Location,from,The_Legend_of_Zelda__Breath_of_the_Wild.html
7998,West_Vatorsa_Snowfield.html,is,Location,from,The_Legend_of_Zelda__Breath_of_the_Wild.html
7999,Western_Fairy_Island.html,is,Location,from,The_Legend_of_Zelda__The_Wind_Waker.html
8000,Western_Wood.html,is,Location,from,The_Legend_of_Zelda__The_Minish_Cap.html
8001,Wetland_Stable.html,is,Location,in,The_Legend_of_Zelda__Breath_of_the_Wild.html
8002,Wheat_Bread.html,is,Item,from,The_Legend_of_Zelda__Breath_of_the_Wild.html
8003,Wheaton_&_Pita.html,are,Character,from,The_Legend_of_Zelda__The_Minish_Cap.html
8004,Whereabouts_of_the_Wind.html,is,Location,from,Hyrule_Castle.html#The_Legend_of_Zelda:_Four_Swords_Adventures
8005,Whip.html,is,Item,in,The_Legend_of_Zelda_series.html
8006,Whip.html,is,Item,in,The_Legend_of_Zelda__Spirit_Tracks.html
8007,Whip_I.html,are,Object,in,Hyrule_Warriors_Legends.html
8008,Whip_II.html,are,Object,in,Hyrule_Warriors_Legends.html
8009,Whirlpool_Waterway.html,are,Object,in,The_Legend_of_Zelda__A_Link_to_the_Past.html
8010,Whirlwind.html,is,Item,from,The_Legend_of_Zelda__Spirit_Tracks.html
8011,Whirlwind.html,is,Item,from,The_Legend_of_Zelda__Spirit_Tracks.html
8012,Whirlwind_(Object).html,is,Object,in,The_Legend_of_Zelda_(Series).html
8013,Whisp.html,are,Enemy,in,The_Legend_of_Zelda_(Series).html
8014,Whisp_Ring.html,are,Item,in,The_Legend_of_Zelda__Oracle_of_Ages.html
8015,Whistle.html,is,Item,in,The_Legend_of_Zelda_(Series).html
8016,Whistling_Hill.html,is,Location,from,The_Legend_of_Zelda__Breath_of_the_Wild.html
8017,White_Bubble.html,are,Enemy,in,The_Legend_of_Zelda_(Series).html
8018,White_ChuChu.html,are,Enemy,from,The_Legend_of_Zelda__Breath_of_the_Wild.html
8019,White_Chuchu.html,are,Enemy,in,The_Legend_of_Zelda_(Series).html
8020,White_Chuchu_Jelly.html,is,Item,from,The_Legend_of_Zelda__Breath_of_the_Wild.html
8021,White_Dye.html,are,Object,in,The_Legend_of_Zelda__Breath_of_the_Wild.html
8022,White_Sword.html,is,Sword,in,The_Legend_of_Zelda_series.html
8023,White_Sword.html,is,Sword,in,The_Legend_of_Zelda_(Series).html
8024,White_Wolfos.html,are,Enemy,in,The_Legend_of_Zelda_series.html
8025,White_Wolfos.html,are,Enemy,in,The_Legend_of_Zelda_(Series).html
8026,Whittleton.html,is,Location,from,The_Legend_of_Zelda__Spirit_Tracks.html
8027,Whittleton_Chief's_Wife.html,is,Character,from,The_Legend_of_Zelda__Spirit_Tracks.html
8028,Whittleton_Chief.html,is,Character,from,The_Legend_of_Zelda__Spirit_Tracks.html
8029,Whittleton_Chief.html,is,Character,in,The_Legend_of_Zelda__Spirit_Tracks.html
8030,Whittleton_Lumber.html,is,Item,from,The_Legend_of_Zelda__Spirit_Tracks.html
8031,Whittleton_Shop_Owner.html,is,Location,in,The_Legend_of_Zelda__Spirit_Tracks.html
8032,Wild_Berry.html,is,Item,from,The_Legend_of_Zelda__Breath_of_the_Wild.html
8033,Wild_Horses.html,is,Quest,in,The_Legend_of_Zelda__Breath_of_the_Wild.html
8034,Wildberry.html,is,Item,from,The_Legend_of_Zelda__Breath_of_the_Wild.html
8035,Wildberry_Crepe.html,is,Item,from,The_Legend_of_Zelda__Breath_of_the_Wild.html
8036,Willi.html,is,Character,from,The_Legend_of_Zelda__The_Wind_Waker.html
8037,Willi.html,is,Character,in,The_Legend_of_Zelda__The_Wind_Waker.html
8038,Wind's_Requiem.html,is,Song,from,The_Legend_of_Zelda__Ocarina_of_Time.html
8039,Wind_Element.html,are,Item,from,The_Legend_of_Zelda__The_Minish_Cap.html
8040,Wind_Fish's_Egg.html,is,Dungeon,in,The_Legend_of_Zelda__Link%27s_Awakening.html
8041,Wind_Fish.html,is,Character,from,The_Legend_of_Zelda__Link%27s_Awakening.html
8042,Wind_Fish.html,is,Character,in,The_Legend_of_Zelda__Link%27s_Awakening.html
8043,Wind_God's_Aria.html,is,Song,from,The_Legend_of_Zelda__The_Wind_Waker.html
8044,Wind_Marimba.html,is,Item,in,The_Legend_of_Zelda__Link%27s_Awakening.html
8045,Wind_Ruins.html,is,Location,from,The_Legend_of_Zelda__The_Minish_Cap.html
8046,Wind_Ruins.html,are,Location,in,The_Legend_of_Zelda__The_Minish_Cap.html
8047,Wind_Shrine.html,is,Location,from,The_Legend_of_Zelda__The_Wind_Waker.html
8048,Wind_Temple.html,is,Dungeon,in,The_Legend_of_Zelda_series.html
8049,Wind_Waker.html,is,Item,from,The_Legend_of_Zelda__The_Wind_Waker.html
8050,Wind_and_Earth_Temples.html,is,Stage,from,The_Legend_of_Zelda__The_Wind_Waker.html
8051,Windblight_Ganon.html,is,Boss,in,The_Legend_of_Zelda__Breath_of_the_Wild.html
8052,Windblight_Ganon.html,is,Boss,in,The_Legend_of_Zelda__Breath_of_the_Wild.html
8053,Windcleaver.html,is,Item,from,The_Legend_of_Zelda__Breath_of_the_Wild.html
8054,Windfall.html,is,Location,from,The_Legend_of_Zelda__The_Wind_Waker.html
8055,Windfall_Island.html,is,Location,from,The_Legend_of_Zelda__The_Wind_Waker.html
8056,Windfall_Island_Shop.html,is,Shop,from,The_Legend_of_Zelda__The_Wind_Waker.html
8057,Windfall_Sail.html,is,Item,in,The_Legend_of_Zelda__The_Wind_Waker.html
8058,Windmill_Propeller.html,is,Item,from,The_Legend_of_Zelda__Skyward_Sword.html
8059,Windvane_Meadow.html,is,Location,from,The_Legend_of_Zelda__Breath_of_the_Wild.html
8060,Wing_Dungeon.html,is,Dungeon,of,Deku_Forest_(Oracle_of_Ages).html
8061,Winged_Boots.html,are,Item,in,Zelda_II__The_Adventure_of_Link.html
8062,Winged_Helmet.html,is,Item,in,Link__The_Faces_of_Evil.html
8063,Winterwing_Butterfly.html,is,Item,from,The_Legend_of_Zelda__Breath_of_the_Wild.html
8064,Wintre_Island.html,is,Location,from,The_Legend_of_Zelda__Breath_of_the_Wild.html
8065,Wise_Men.html,are,Character,from,Zelda_II__The_Adventure_of_Link.html
8066,Wise_One.html,is,Character,from,The_Legend_of_Zelda__Spirit_Tracks.html
8067,Wisp.html,are,Enemy,in,The_Legend_of_Zelda_(Series).html
8068,Witch's_House.html,is,Shop,from,The_Legend_of_Zelda__A_Link_to_the_Past.html
8069,Witch's_House.html,is,Location,in,The_Legend_of_Zelda__A_Link_to_the_Past.html
8070,Witch's_Hut.html,is,Location,in,The_Legend_of_Zelda_series.html
8071,Witch's_Hut.html,is,Location,in,The_Legend_of_Zelda__A_Link_to_the_Past.html
8072,Witch.html,is,Character,in,The_Legend_of_Zelda__A_Link_Between_Worlds.html
8073,Witch_(A_Link_Between_Worlds).html,is,Character,from,The_Legend_of_Zelda__A_Link_Between_Worlds.html
8074,Witch_of_Walls.html,is,Character,in,The_Legend_of_Zelda_(TV_Series).html
8075,Withered_Forest_Trees.html,are,Object,from,The_Legend_of_Zelda__The_Wind_Waker.html
8076,Wizard.html,are,Enemy,with,Zelda_II__The_Adventure_of_Link.html
8077,Wizard.html,are,Enemy,in,Zelda_II__The_Adventure_of_Link.html
8078,Wizrobe.html,are,Enemy,in,The_Legend_of_Zelda_(Series).html
8079,Wizzar.html,are,Enemy,in,Zelda_II__The_Adventure_of_Link.html
8080,Wizzrobe.html,are,Enemy,in,The_Legend_of_Zelda_(Series).html
8081,Wizzrobes.html,are,Enemy,in,The_Legend_of_Zelda_(Series).html
8082,Wolf-Link.html,is,Character,in,The_Legend_of_Zelda_(Series).html
8083,Wolf_Link's_Howl.html,is,Character,in,The_Legend_of_Zelda_(Series).html
8084,Wolf_Link.html,is,Character,in,The_Legend_of_Zelda_(Series).html
8085,Wolfos.html,are,Enemy,in,The_Legend_of_Zelda_series.html
8086,Wolfos.html,are,Enemy,in,The_Legend_of_Zelda_(Series).html
8087,Woman.html,is,Character,in,The_Legend_of_Zelda_(Series).html
8088,Wood.html,is,Item,from,The_Legend_of_Zelda__Breath_of_the_Wild.html
8089,Wood_Fish.html,is,Item,from,Freshly-Picked_Tingle%27s_Rosy_Rupeeland.html
8090,Wood_Handrail.html,are,Object,in,The_Legend_of_Zelda__Phantom_Hourglass.html
8091,Wood_Heart.html,is,Item,in,The_Legend_of_Zelda_series.html
8092,Wood_Heart.html,is,Item,in,The_Legend_of_Zelda__Phantom_Hourglass.html
8093,Woodcutter's_Axe.html,is,Item,in,The_Legend_of_Zelda__Breath_of_the_Wild.html
8094,Woodcutter's_Cabin.html,is,Location,from,The_Legend_of_Zelda__Breath_of_the_Wild.html
8095,Woodcutter's_House.html,is,Location,from,The_Legend_of_Zelda__Breath_of_the_Wild.html
8096,Woodcutter's_House.html,is,Location,in,The_Legend_of_Zelda__Breath_of_the_Wild.html
8097,Wooden_Mop.html,is,Item,from,The_Legend_of_Zelda__Breath_of_the_Wild.html
8098,Wooden_Mop.html,are,Weapon,in,The_Legend_of_Zelda__Breath_of_the_Wild.html
8099,Wooden_Shield.html,is,Shield,in,The_Legend_of_Zelda_series.html
8100,Wooden_Shield.html,is,Shield,in,The_Legend_of_Zelda_(Series).html
8101,Wooden_Shield_Moblin.html,are,Enemy,in,The_Legend_of_Zelda_(Series).html
8102,Wooden_Statue.html,is,Item,in,The_Legend_of_Zelda__Twilight_Princess.html
8103,Wooden_Sword.html,is,Sword,in,The_Legend_of_Zelda_series.html
8104,Wooden_Sword.html,is,Sword,in,The_Legend_of_Zelda_(Series).html
8105,Wooden_Sword_I.html,are,Object,in,Hyrule_Warriors_Legends.html
8106,Wooden_Sword_II.html,are,Object,in,Hyrule_Warriors_Legends.html
8107,Wooden_Sword_III.html,are,Object,in,Hyrule_Warriors_Legends.html
8108,Wooden_Sword_IV.html,are,Object,in,Hyrule_Warriors_Legends.html
8109,Woodfall.html,is,Location,in,The_Legend_of_Zelda__Majora%27s_Mask.html
8110,Woodfall_(location).html,is,Location,from,The_Legend_of_Zelda__Majora%27s_Mask.html
8111,Woodfall_Shortcut.html,is,Location,from,The_Legend_of_Zelda__Majora%27s_Mask.html
8112,Woodfall_Temple.html,is,Dungeon,in,The_Legend_of_Zelda__Majora%27s_Mask.html
8113,Woodfall_Temple.html,is,Dungeon,in,The_Legend_of_Zelda__Majora%27s_Mask.html
8114,Woodland.html,is,Location,in,The_Legend_of_Zelda__Breath_of_the_Wild.html
8115,Woodland_Stable.html,is,Location,from,The_Legend_of_Zelda__Breath_of_the_Wild.html
8116,Woodland_Tower.html,is,Location,from,The_Legend_of_Zelda__Breath_of_the_Wild.html
8117,Woodland_Tower.html,is,Location,in,The_Legend_of_Zelda__Breath_of_the_Wild.html
8118,Woodlands.html,are,Location,in,The_Legend_of_Zelda__Tri_Force_Heroes.html
8119,Woods_of_Mystery.html,is,Location,from,The_Legend_of_Zelda_series.html
8120,Woods_of_Mystery.html,is,Location,in,The_Legend_of_Zelda__Majora%27s_Mask.html
8121,Woodsmen's_Hut.html,is,Location,from,The_Legend_of_Zelda__Four_Swords.html
8122,World's_Finest_Eye_Drops.html,are,Item,from,The_Legend_of_Zelda__Ocarina_of_Time.html
8123,World's_Finest_Eyedrops.html,are,Item,in,The_Legend_of_Zelda__Ocarina_of_Time.html
8124,World_of_Light.html,is,Location,in,The_Legend_of_Zelda_(Series).html
8125,Worn-Out_Glove.html,is,Item,in,The_Legend_of_Zelda_(Series).html
8126,Worn_Handrail.html,are,Object,in,The_Legend_of_Zelda__Phantom_Hourglass.html
8127,Worten.html,is,Character,in,The_Legend_of_Zelda__Breath_of_the_Wild.html
8128,Wrecker_Phantom.html,are,Enemy,from,The_Legend_of_Zelda__Spirit_Tracks.html
8129,Wrecker_Phantom.html,are,Enemy,in,The_Legend_of_Zelda__Spirit_Tracks.html
8130,Wryna.html,is,Character,from,The_Legend_of_Zelda__Skyward_Sword.html
8131,Wryna.html,is,Character,in,The_Legend_of_Zelda__Skyward_Sword.html
8132,X-Shaped_Jewel.html,are,Item,in,The_Legend_of_Zelda__Oracle_of_Seasons.html
8133,Ya_Naga.html,is,Character,from,The_Legend_of_Zelda__Breath_of_the_Wild.html
8134,Ya_Naga_Shrine.html,is,Shrine,from,The_Legend_of_Zelda__Breath_of_the_Wild.html
8135,Yah_Rin.html,is,Character,from,The_Legend_of_Zelda__Breath_of_the_Wild.html
8136,Yah_Rin_Shrine.html,is,Shrine,from,The_Legend_of_Zelda__Breath_of_the_Wild.html
8137,Yaido.html,is,Character,in,The_Legend_of_Zelda__Breath_of_the_Wild.html
8138,Yaido.html,is,Character,in,The_Legend_of_Zelda__Breath_of_the_Wild.html
8139,Yambi_Lake.html,is,Location,from,The_Legend_of_Zelda__Breath_of_the_Wild.html
8140,Yammo.html,is,Character,in,The_Legend_of_Zelda__Breath_of_the_Wild.html
8141,Yamori.html,is,Character,from,Freshly-Picked_Tingle%27s_Rosy_Rupeeland.html
8142,Yarna_Desert.html,is,Location,from,The_Legend_of_Zelda__Link%27s_Awakening.html
8143,Yarna_Desert.html,is,Location,in,The_Legend_of_Zelda__Link%27s_Awakening.html
8144,Yarna_Valley.html,is,Location,in,The_Legend_of_Zelda__Breath_of_the_Wild.html
8145,Yarna_Valley.html,is,Location,in,The_Legend_of_Zelda__Breath_of_the_Wild.html
8146,Yefu.html,is,Character,from,The_Legend_of_Zelda__Spirit_Tracks.html
8147,Yeko.html,is,Character,from,The_Legend_of_Zelda__Spirit_Tracks.html
8148,Yellow_ChuChu.html,are,Enemy,in,The_Legend_of_Zelda__Breath_of_the_Wild.html
8149,Yellow_Chu_Jelly.html,is,Item,in,The_Legend_of_Zelda_(Series).html
8150,Yellow_Chuchu_Jelly.html,is,Item,from,The_Legend_of_Zelda__Breath_of_the_Wild.html
8151,Yellow_Chuchu_Jelly.html,is,Item,in,The_Legend_of_Zelda_(Series).html
8152,Yellow_Dye.html,are,Object,in,The_Legend_of_Zelda__Breath_of_the_Wild.html
8153,Yellow_Lizalfos_Tail.html,is,Item,from,The_Legend_of_Zelda__Breath_of_the_Wild.html
8154,Yellow_Potion_(A_Link_Between_Worlds).html,is,Item,from,The_Legend_of_Zelda__A_Link_Between_Worlds.html
8155,Yerbal.html,is,Character,from,The_Legend_of_Zelda__Skyward_Sword.html
8156,Yerbal.html,is,Character,in,The_Legend_of_Zelda__Skyward_Sword.html
8157,Yeta.html,is,Character,in,The_Legend_of_Zelda__Twilight_Princess.html
8158,Yeto.html,is,Character,in,The_Legend_of_Zelda__Twilight_Princess.html
8159,Yiga_Blademaster.html,are,Enemy,from,The_Legend_of_Zelda__Breath_of_the_Wild.html
8160,Yiga_Blademaster.html,are,Enemy,in,The_Legend_of_Zelda__Breath_of_the_Wild.html
8161,Yiga_Clan.html,are,Group,from,The_Legend_of_Zelda__Breath_of_the_Wild.html
8162,Yiga_Clan_Hideout.html,is,Location,in,The_Legend_of_Zelda__Breath_of_the_Wild.html
8163,Yiga_Clan_Hideout.html,is,Location,in,The_Legend_of_Zelda__Breath_of_the_Wild.html
8164,Yiga_Footsoldier.html,are,Enemy,from,The_Legend_of_Zelda__Breath_of_the_Wild.html
8165,Yiga_Footsoldier.html,are,Enemy,in,The_Legend_of_Zelda__Breath_of_the_Wild.html
8166,Yokan.html,is,Character,in,Zelda__The_Wand_of_Gamelon.html
8167,Yolero.html,is,Character,in,The_Legend_of_Zelda__Breath_of_the_Wild.html
8168,Yoshi_Doll.html,is,Item,from,The_Legend_of_Zelda__Link%27s_Awakening.html
8169,Young_Couple.html,is,Group,from,The_Legend_of_Zelda__The_Minish_Cap.html
8170,Young_Gohma.html,are,Enemy,in,The_Legend_of_Zelda_(Series).html
8171,Young_Link%2FSuper_Smash_Bros.html,is,Character,in,../Super_Smash_Bros-2.html
8172,Young_Punk_Guy.html,is,Character,in,The_Legend_of_Zelda__Ocarina_of_Time.html
8173,Young_Woman.html,is,Character,in,The_Legend_of_Zelda__A_Link_Between_Worlds.html
8174,Your_House.html,is,Location,in,The_Legend_of_Zelda_(Series).html
8175,Yowaka_Ita.html,is,Character,from,The_Legend_of_Zelda__Breath_of_the_Wild.html
8176,Yowaka_Ita_Shrine.html,is,Shrine,from,The_Legend_of_Zelda__Breath_of_the_Wild.html
8177,Yowaka_Ita_Shrine.html,is,Shrine,in,The_Legend_of_Zelda__Breath_of_the_Wild.html
8178,Yuga-Ganon.html,is,Boss,in,The_Legend_of_Zelda__A_Link_Between_Worlds.html
8179,Yuga_(boss).html,is,Boss,in,The_Legend_of_Zelda__A_Link_Between_Worlds.html
8180,Yuga_Ganon.html,is,Boss,of,The_Legend_of_Zelda__A_Link_Between_Worlds.html
8181,Yunobo.html,is,Character,in,The_Legend_of_Zelda__Breath_of_the_Wild.html
8182,Yunobo.html,is,Character,in,The_Legend_of_Zelda__Breath_of_the_Wild.html
8183,Zaganaga.html,is,Boss,of,Desert_Palace_(A_Link_Between_Worlds).html
8184,Zalta_Wa.html,is,Character,from,The_Legend_of_Zelda__Breath_of_the_Wild.html
8185,Zanc.html,is,Character,from,The_Legend_of_Zelda__Skyward_Sword.html
8186,Zanc.html,is,Character,in,The_Legend_of_Zelda__Skyward_Sword.html
8187,Zant's_Helmet.html,is,Item,in,The_Legend_of_Zelda_series.html
8188,Zant's_Mask.html,are,Enemy,in,The_Legend_of_Zelda__Twilight_Princess.html
8189,Zant_Mask.html,are,Enemy,in,The_Legend_of_Zelda__Twilight_Princess.html
8190,Zapshroom.html,is,Item,in,The_Legend_of_Zelda__Breath_of_the_Wild.html
8191,Zapshroom.html,are,Item,in,The_Legend_of_Zelda__Breath_of_the_Wild.html
8192,Zauz.html,is,Character,from,The_Legend_of_Zelda__Phantom_Hourglass.html
8193,Zauz.html,is,Character,in,The_Legend_of_Zelda__Phantom_Hourglass.html
8194,Zauz_Island.html,is,Location,in,The_Legend_of_Zelda__Breath_of_the_Wild.html
8195,Zazak.html,are,Enemy,in,The_Legend_of_Zelda_(Series).html
8196,Zazakku.html,are,Enemy,in,The_Legend_of_Zelda_(Series).html
8197,Ze_Kasho.html,is,Character,from,The_Legend_of_Zelda__Breath_of_the_Wild.html
8198,Ze_Kasho_Shrine.html,is,Shrine,from,The_Legend_of_Zelda__Breath_of_the_Wild.html
8199,Zelda's_Bow.html,is,Weapon,in,The_Legend_of_Zelda__The_Wind_Waker.html
8200,Zelda's_Courtyard.html,is,Location,in,The_Legend_of_Zelda__A_Link_to_the_Past.html
8201,Zelda's_Diary.html,is,Item,from,The_Legend_of_Zelda__Breath_of_the_Wild.html
8202,Zelda's_Letter.html,is,Item,from,The_Legend_of_Zelda__Ocarina_of_Time.html
8203,Zelda's_Lullaby.html,is,Song,in,The_Legend_of_Zelda__Twilight_Princess.html
8204,Zelda's_Nursemaid.html,is,Character,in,BS_The_Legend_of_Zelda__Ancient_Stone_Tablets.html
8205,Zelda's_Research_Notes.html,is,Item,from,The_Legend_of_Zelda__Breath_of_the_Wild.html
8206,Zelkoa_Pond.html,is,Location,in,The_Legend_of_Zelda__Breath_of_the_Wild.html
8207,Zelo_Pond.html,is,Location,in,The_Legend_of_Zelda__Breath_of_the_Wild.html
8208,Zelo_Pond.html,is,Location,in,The_Legend_of_Zelda__Breath_of_the_Wild.html
8209,Zephos.html,is,Character,from,The_Legend_of_Zelda__The_Wind_Waker.html
8210,Zephos.html,is,Character,in,The_Legend_of_Zelda__The_Wind_Waker.html
8211,Zeu.html,is,Character,in,The_Legend_of_Zelda__Twilight_Princess_(Himekawa).html
8212,Zill.html,is,Character,in,The_Legend_of_Zelda_series.html
8213,Zill.html,is,Character,in,The_Legend_of_Zelda_(Series).html
8214,Zirco_Mesa.html,is,Location,in,The_Legend_of_Zelda__Breath_of_the_Wild.html
8215,Zirco_Mesa.html,is,Location,in,The_Legend_of_Zelda__Breath_of_the_Wild.html
8216,Zirro.html,are,Enemy,in,The_Legend_of_Zelda_series.html
8217,Zodobon_Highlands.html,is,Location,in,The_Legend_of_Zelda__Breath_of_the_Wild.html
8218,Zokassa_Ridge.html,is,Location,in,The_Legend_of_Zelda__Breath_of_the_Wild.html
8219,Zol.html,are,Enemy,in,The_Legend_of_Zelda_series.html
8220,Zol.html,are,Enemy,in,The_Legend_of_Zelda_(Series).html
8221,Zolgel.html,are,Enemy,in,Freshly-Picked_Tingle%27s_Rosy_Rupeeland.html
8222,Zombie.html,are,Enemy,from,The_Legend_of_Zelda__Link%27s_Awakening.html
8223,Zonai_Ruins.html,are,Location,in,The_Legend_of_Zelda__Breath_of_the_Wild.html
8224,Zonai_Ruins.html,are,Location,in,The_Legend_of_Zelda__Breath_of_the_Wild.html
8225,Zooki.html,is,Character,in,The_Legend_of_Zelda__Breath_of_the_Wild.html
8226,Zora's_Domain.html,is,Location,in,The_Legend_of_Zelda_series.html
8227,Zora's_Falls.html,is,Location,in,The_Legend_of_Zelda__A_Link_Between_Worlds.html
8228,Zora's_Flippers.html,are,Item,in,The_Legend_of_Zelda_series.html
8229,Zora's_Flippers.html,are,Item,in,The_Legend_of_Zelda_(Series).html
8230,Zora's_Fountain.html,is,Location,from,The_Legend_of_Zelda__Ocarina_of_Time.html
8231,Zora's_Fountain.html,is,Location,in,The_Legend_of_Zelda__Ocarina_of_Time.html
8232,Zora's_Lake.html,is,Location,from,The_Legend_of_Zelda__A_Link_to_the_Past.html
8233,Zora's_Lake.html,is,Location,in,The_Legend_of_Zelda__A_Link_Between_Worlds.html
8234,Zora's_Mask.html,is,Item,in,The_Legend_of_Zelda_(Series).html
8235,Zora's_River.html,is,Location,in,The_Legend_of_Zelda_series.html
8236,Zora's_River.html,is,Location,in,The_Legend_of_Zelda_(Series).html
8237,Zora's_Sapphire.html,are,Item,from,The_Legend_of_Zelda__Ocarina_of_Time.html
8238,Zora's_Shop.html,is,Location,in,The_Legend_of_Zelda__Ocarina_of_Time.html
8239,Zora's_Waterfall.html,is,Location,from,The_Legend_of_Zelda__A_Link_to_the_Past.html
8240,Zora's_Waterfall.html,is,Location,in,The_Legend_of_Zelda__A_Link_Between_Worlds.html
8241,Zora_(character).html,is,Character,from,The_Legend_of_Zelda__A_Link_to_the_Past.html
8242,Zora_Armor.html,is,Item,in,The_Legend_of_Zelda_series.html
8243,Zora_Armor.html,is,Item,in,The_Legend_of_Zelda_(Series).html
8244,Zora_Boomerang.html,is,Item,in,The_Legend_of_Zelda_(Series).html
8245,Zora_Cape.html,is,Location,from,The_Legend_of_Zelda__Majora%27s_Mask.html
8246,Zora_Cape.html,is,Location,in,The_Legend_of_Zelda__Majora%27s_Mask.html
8247,Zora_Costume.html,is,Item,from,The_Legend_of_Zelda__Tri_Force_Heroes.html
8248,Zora_Egg.html,are,Item,in,The_Legend_of_Zelda__Majora%27s_Mask.html
8249,Zora_Eggs.html,are,Item,from,The_Legend_of_Zelda__Majora%27s_Mask.html
8250,Zora_Eggs.html,are,Item,in,The_Legend_of_Zelda__Majora%27s_Mask.html
8251,Zora_Falls.html,is,Location,in,The_Legend_of_Zelda_series.html
8252,Zora_Game_Site.html,is,Location,from,The_Legend_of_Zelda__Majora%27s_Mask.html
8253,Zora_Game_Site.html,is,Location,in,The_Legend_of_Zelda__Majora%27s_Mask.html
8254,Zora_Greaves.html,is,Item,from,The_Legend_of_Zelda__Breath_of_the_Wild.html
8255,Zora_Guitar.html,is,Item,in,The_Legend_of_Zelda__Majora%27s_Mask.html
8256,Zora_Hall.html,is,Location,from,The_Legend_of_Zelda__Majora%27s_Mask.html
8257,Zora_Hall.html,is,Location,in,The_Legend_of_Zelda__Majora%27s_Mask.html
8258,Zora_Hall_Coast.html,is,Location,from,The_Legend_of_Zelda__Majora%27s_Mask.html
8259,Zora_Helm.html,is,Item,from,The_Legend_of_Zelda__Breath_of_the_Wild.html
8260,Zora_Link.html,is,Character,from,The_Legend_of_Zelda__Majora%27s_Mask.html
8261,Zora_Mask.html,is,Item,in,The_Legend_of_Zelda_series.html
8262,Zora_Mask.html,is,Item,in,The_Legend_of_Zelda_(Series).html
8263,Zora_Ring.html,are,Item,in,The_Legend_of_Zelda__Oracle_of_Ages.html
8264,Zora_River.html,is,Location,in,The_Legend_of_Zelda_(Series).html
8265,Zora_Scale.html,is,Item,in,The_Legend_of_Zelda_series.html
8266,Zora_Scale.html,are,Item,in,The_Legend_of_Zelda_(Series).html
8267,Zora_Shop.html,is,Shop,in,The_Legend_of_Zelda_series.html
8268,Zora_Shop.html,is,Location,in,The_Legend_of_Zelda__Ocarina_of_Time.html
8269,Zora_Spear.html,is,Item,from,The_Legend_of_Zelda__Breath_of_the_Wild.html
8270,Zora_Sword.html,is,Item,from,The_Legend_of_Zelda__Breath_of_the_Wild.html
8271,Zora_Tunic_I.html,are,Object,in,Hyrule_Warriors_Legends.html
8272,Zora_Tunic_II.html,are,Object,in,Hyrule_Warriors_Legends.html
8273,Zora_Tunic_III.html,are,Object,in,Hyrule_Warriors_Legends.html
8274,Zoro.html,are,Enemy,from,The_Legend_of_Zelda__A_Link_to_the_Past.html
8275,Zorona.html,is,Character,from,The_Legend_of_Zelda__Breath_of_the_Wild.html
8276,Zorona.html,is,Character,in,The_Legend_of_Zelda__Breath_of_the_Wild.html
8277,Zubora.html,are,Character,in,The_Legend_of_Zelda__Majora%27s_Mask.html
8278,Zubora_and_Gabora.html,are,Character,from,The_Legend_of_Zelda__Majora%27s_Mask.html
8279,Zubora_and_Gabora.html,are,Character,in,The_Legend_of_Zelda__Majora%27s_Mask.html
8280,Zuko.html,is,Character,in,The_Legend_of_Zelda_series.html
8281,Zuko.html,is,Character,in,The_Legend_of_Zelda_(Series).html
8282,Zumi.html,is,Character,in,The_Legend_of_Zelda__Breath_of_the_Wild.html
8283,Zuna_Kai.html,is,Character,from,The_Legend_of_Zelda__Breath_of_the_Wild.html
8284,Zuna_Kai_Shrine.html,is,Shrine,from,The_Legend_of_Zelda__Breath_of_the_Wild.html
8285,Zunari.html,is,Character,from,The_Legend_of_Zelda_series.html
8286,Zunari.html,is,Character,in,The_Legend_of_Zelda__The_Wind_Waker.html
8287,Zuta.html,is,Character,from,The_Legend_of_Zelda__Breath_of_the_Wild.html
8288,Zyle.html,is,Character,in,The_Legend_of_Zelda__Breath_of_the_Wild.html
8289,Zyle.html,is,Character,in,The_Legend_of_Zelda__Breath_of_the_Wild.html
